1626462922615 0 0
1626462925120 1 1
1626462927762 2 2
1626462930181 3 3
1626462932603 4 4
1626462935051 5 5
1626462937500 6 6
1626462939916 7 7
1626462942366 8 8
1626462944772 9 9
1626462947201 10 10
1626462949627 11 11
1626462952042 12 12
1626462954451 13 13
1626462956868 14 14
1626462959290 15 15
1626462961719 16 16
1626462964121 17 17
1626462966547 18 18
1626462968954 19 19
1626462971406 20 20
1626462973821 21 21
1626462976254 22 22
1626462978677 23 23
1626462981149 24 24
1626462983552 25 25
1626462985984 26 26
1626462988404 27 27
1626462990831 28 28
1626462993260 29 29
1626462995685 30 30
1626462998262 31 31
1626463000671 32 32
1626463003099 33 33
1626463005513 34 34
1626463007933 35 35
1626463010345 36 36
1626463012782 37 37
1626463015208 38 38
1626463017661 39 39
1626463020088 40 40
1626463022676 41 41
1626463025095 42 42
1626463027539 43 43
1626463029955 44 44
1626463032371 45 45
1626463034827 46 46
1626463037250 47 47
1626463039655 48 48
1626463042088 49 49
1626463044514 50 50
1626463046964 51 51
1626463049353 52 52
1626463051771 53 53
1626463054200 54 54
1626463056621 55 55
1626463059047 56 56
1626463061460 57 57
1626463063896 58 58
1626463066335 59 59
1626463068826 60 60
1626463071247 61 61
1626463073697 62 62
1626463076223 63 63
1626463078757 64 64
1626463081210 65 65
1626463083660 66 66
1626463086096 67 67
1626463088543 68 68
1626463090992 69 69
1626463093425 70 70
1626463095847 71 71
1626463098294 72 72
1626463100714 73 73
1626463103147 74 74
1626463105571 75 75
1626463110588 0 0
