1626462922615 0.7147783041000366 0
1626462925120 0.5821609497070312 1
1626462927762 0.5251643061637878 2
1626462930181 0.49659761786460876 3
1626462932603 0.4778116047382355 4
1626462935051 0.46339982748031616 5
1626462937500 0.45128291845321655 6
1626462939916 0.4408970773220062 7
1626462942366 0.4320492446422577 8
1626462944772 0.4241357743740082 9
1626462947201 0.41697296500205994 10
1626462949627 0.4102160632610321 11
1626462952042 0.4040662348270416 12
1626462954451 0.3983972668647766 13
1626462956868 0.39337122440338135 14
1626462959290 0.38865235447883606 15
1626462961719 0.384269118309021 16
1626462964121 0.38035479187965393 17
1626462966547 0.3766990602016449 18
1626462968954 0.37331679463386536 19
1626462971406 0.3701067566871643 20
1626462973821 0.36701375246047974 21
1626462976254 0.36421021819114685 22
1626462978677 0.36154669523239136 23
1626462981149 0.35908249020576477 24
1626462983552 0.35678762197494507 25
1626462985984 0.35460859537124634 26
1626462988404 0.3526352047920227 27
1626462990831 0.35080212354660034 28
1626462993260 0.34909555315971375 29
1626462995685 0.34745731949806213 30
1626462998262 0.34593552350997925 31
1626463000671 0.3445530831813812 32
1626463003099 0.3432248830795288 33
1626463005513 0.3419665992259979 34
1626463007933 0.340792179107666 35
1626463010345 0.3396489918231964 36
1626463012782 0.3385970890522003 37
1626463015208 0.3376341164112091 38
1626463017661 0.33673930168151855 39
1626463020088 0.3358442783355713 40
1626463022676 0.3349463939666748 41
1626463025095 0.3342229425907135 42
1626463027539 0.3334697186946869 43
1626463029955 0.3328000605106354 44
1626463032371 0.3321003317832947 45
1626463034827 0.33150967955589294 46
1626463037250 0.3308699429035187 47
1626463039655 0.33036717772483826 48
1626463042088 0.32984665036201477 49
1626463044514 0.3292982578277588 50
1626463046964 0.32885101437568665 51
1626463049353 0.3284055292606354 52
1626463051771 0.32797497510910034 53
1626463054200 0.32759609818458557 54
1626463056621 0.32721763849258423 55
1626463059047 0.32680538296699524 56
1626463061460 0.32651782035827637 57
1626463063896 0.3261895477771759 58
1626463066335 0.32591813802719116 59
1626463068826 0.32556042075157166 60
1626463071247 0.3252963125705719 61
1626463073697 0.32502317428588867 62
1626463076223 0.3247377574443817 63
1626463078757 0.32445773482322693 64
1626463081210 0.3241442143917084 65
1626463083660 0.32388436794281006 66
1626463086096 0.3235859274864197 67
1626463088543 0.3233426511287689 68
1626463090992 0.3230144679546356 69
1626463093425 0.3227449357509613 70
1626463095847 0.322489857673645 71
1626463098294 0.32221972942352295 72
1626463100714 0.32193413376808167 73
1626463103147 0.3216102719306946 74
1626463105571 0.3237244188785553 75
