1626462922615 0.016194331983805665 0
1626462925120 0.1444866920152091 1
1626462927762 0.2642857142857143 2
1626462930181 0.32989690721649484 3
1626462932603 0.44164037854889593 4
1626462935051 0.4876543209876543 5
1626462937500 0.5722543352601155 6
1626462939916 0.5909090909090909 7
1626462942366 0.6162464985994398 8
1626462944772 0.6353591160220995 9
1626462947201 0.6738544474393532 10
1626462949627 0.6879999999999998 11
1626462952042 0.6968085106382979 12
1626462954451 0.7139107611548556 13
1626462956868 0.7291666666666667 14
1626462959290 0.7487179487179487 15
1626462961719 0.7696202531645571 16
1626462964121 0.7940446650124069 17
1626462966547 0.8058968058968059 18
1626462968954 0.8175182481751825 19
1626462971406 0.8203883495145632 20
1626462973821 0.8232445520581113 21
1626462976254 0.8345323741007193 22
1626462978677 0.8400954653937948 23
1626462981149 0.8476190476190476 24
1626462983552 0.8503562945368172 25
1626462985984 0.8557919621749409 26
1626462988404 0.8557919621749409 27
1626462990831 0.8611764705882352 28
1626462993260 0.863849765258216 29
1626462995685 0.8658823529411764 30
1626462998262 0.8658823529411764 31
1626463000671 0.8711943793911008 32
1626463003099 0.8711943793911008 33
1626463005513 0.8738317757009346 34
1626463007933 0.8738317757009346 35
1626463010345 0.8764568764568765 36
1626463012782 0.8764568764568765 37
1626463015208 0.8816705336426914 38
1626463017661 0.8816705336426914 39
1626463020088 0.8842592592592593 40
1626463022676 0.8868360277136259 41
1626463025095 0.8868360277136259 42
1626463027539 0.8868360277136259 43
1626463029955 0.8868360277136259 44
1626463032371 0.8868360277136259 45
1626463034827 0.8868360277136259 46
1626463037250 0.8868360277136259 47
1626463039655 0.8868360277136259 48
1626463042088 0.8944954128440367 49
1626463044514 0.897025171624714 50
1626463046964 0.897025171624714 51
1626463049353 0.897025171624714 52
1626463051771 0.897025171624714 53
1626463054200 0.897025171624714 54
1626463056621 0.8995433789954338 55
1626463059047 0.8995433789954338 56
1626463061460 0.8995433789954338 57
1626463063896 0.8995433789954338 58
1626463066335 0.9020501138952164 59
1626463068826 0.9020501138952164 60
1626463071247 0.9020501138952164 61
1626463073697 0.9045454545454545 62
1626463076223 0.9045454545454545 63
1626463078757 0.9045454545454545 64
1626463081210 0.9045454545454545 65
1626463083660 0.9045454545454545 66
1626463086096 0.9070294784580498 67
1626463088543 0.9070294784580498 68
1626463090992 0.9095022624434389 69
1626463093425 0.9095022624434389 70
1626463095847 0.9095022624434389 71
1626463098294 0.9095022624434389 72
1626463100714 0.9095022624434389 73
1626463103147 0.9095022624434389 74
1626463105571 0.9045454545454545 75
