1626463710769 0 0
1626463713260 1 1
1626463715747 2 2
1626463718215 3 3
1626463720669 4 4
1626463723143 5 5
1626463725585 6 6
1626463728045 7 7
1626463730506 8 8
1626463732986 9 9
1626463735442 10 10
1626463737916 11 11
1626463740383 12 12
1626463742850 13 13
1626463745309 14 14
1626463747819 15 15
1626463750405 16 16
1626463753464 17 17
1626463756448 18 18
1626463759443 19 19
1626463761895 20 20
1626463764345 21 21
1626463766834 22 22
1626463769484 23 23
1626463772255 24 24
1626463774790 25 25
1626463777267 26 26
1626463779743 27 27
1626463782226 28 28
1626463784699 29 29
1626463787156 30 30
1626463792158 0 0
