1626463710769 0.7044702172279358 0
1626463713260 0.6247215867042542 1
1626463715747 0.5881369113922119 2
1626463718215 0.5663363933563232 3
1626463720669 0.5502591133117676 4
1626463723143 0.5378743410110474 5
1626463725585 0.5272389650344849 6
1626463728045 0.5183538794517517 7
1626463730506 0.5103840827941895 8
1626463732986 0.5034322738647461 9
1626463735442 0.49705883860588074 10
1626463737916 0.4910685420036316 11
1626463740383 0.4854534864425659 12
1626463742850 0.4802318513393402 13
1626463745309 0.4752952456474304 14
1626463747819 0.4707426130771637 15
1626463750405 0.46656104922294617 16
1626463753464 0.46283629536628723 17
1626463756448 0.4592217206954956 18
1626463759443 0.4558655619621277 19
1626463761895 0.4525168538093567 20
1626463764345 0.449288010597229 21
1626463766834 0.44636309146881104 22
1626463769484 0.4437026083469391 23
1626463772255 0.4412546753883362 24
1626463774790 0.43885302543640137 25
1626463777267 0.4364697337150574 26
1626463779743 0.43411189317703247 27
1626463782226 0.4318176209926605 28
1626463784699 0.4295106530189514 29
1626463787156 0.43610280752182007 30
