1626463710769 0.4054514480408859 0
1626463713260 0.604735883424408 1
1626463715747 0.6825688073394495 2
1626463718215 0.7236363636363636 3
1626463720669 0.7389705882352942 4
1626463723143 0.7619047619047619 5
1626463725585 0.759124087591241 6
1626463728045 0.7655677655677657 7
1626463730506 0.7803992740471869 8
1626463732986 0.7883211678832117 9
1626463735442 0.793418647166362 10
1626463737916 0.8133086876155268 11
1626463740383 0.8296296296296296 12
1626463742850 0.8413284132841329 13
1626463745309 0.8465804066543438 14
1626463747819 0.8523985239852399 15
1626463750405 0.8682745825602968 16
1626463753464 0.8719851576994435 17
1626463756448 0.8752327746741155 18
1626463759443 0.8785046728971962 19
1626463761895 0.8785046728971962 20
1626463764345 0.8851224105461393 21
1626463766834 0.887218045112782 22
1626463769484 0.887218045112782 23
1626463772255 0.8888888888888888 24
1626463774790 0.8884688090737239 25
1626463777267 0.8922495274102079 26
1626463779743 0.8943396226415095 27
1626463782226 0.8981132075471698 28
1626463784699 0.8981132075471698 29
1626463787156 0.8943396226415095 30
