1626511804801 0 0
1626511809408 1 1
1626511814763 2 2
1626511819967 3 3
1626511825227 4 4
1626511830481 5 5
1626511835170 6 6
1626511840089 7 7
1626511845162 8 8
1626511850249 9 9
1626511855128 10 10
1626511860252 11 11
1626511864866 12 12
1626511870162 13 13
1626511874996 14 14
1626511880172 15 15
1626511885253 16 16
1626511890189 17 17
1626511894998 18 18
1626511899689 19 19
1626511904999 20 20
1626511910231 21 21
1626511915289 22 22
1626511920342 23 23
1626511925714 24 24
1626511930606 25 25
1626511935274 26 26
1626511940583 27 27
1626511945717 28 28
1626511951054 29 29
1626511955802 30 30
1626511965768 0 0
