1626511804801 0.7019074559211731 0
1626511809408 0.6205505132675171 1
1626511814763 0.5843143463134766 2
1626511819967 0.5635993480682373 3
1626511825227 0.5484395027160645 4
1626511830481 0.5363288521766663 5
1626511835170 0.5260475873947144 6
1626511840089 0.5171145796775818 7
1626511845162 0.509054958820343 8
1626511850249 0.5018655061721802 9
1626511855128 0.49548524618148804 10
1626511860252 0.48946723341941833 11
1626511864866 0.4837798476219177 12
1626511870162 0.47843408584594727 13
1626511874996 0.47338026762008667 14
1626511880172 0.4687318801879883 15
1626511885253 0.46456179022789 16
1626511890189 0.4605778157711029 17
1626511894998 0.457091748714447 18
1626511899689 0.45374569296836853 19
1626511904999 0.4506823718547821 20
1626511910231 0.4478059411048889 21
1626511915289 0.4450559914112091 22
1626511920342 0.442318320274353 23
1626511925714 0.4397420585155487 24
1626511930606 0.43718254566192627 25
1626511935274 0.4347786009311676 26
1626511940583 0.4324083924293518 27
1626511945717 0.43010661005973816 28
1626511951054 0.427813857793808 29
1626511955802 0.4344418942928314 30
