1626511804801 0.4230118443316413 0
1626511809408 0.6115107913669064 1
1626511814763 0.7158273381294963 2
1626511819967 0.7318840579710145 3
1626511825227 0.7500000000000001 4
1626511830481 0.7481751824817517 5
1626511835170 0.7712177121771218 6
1626511840089 0.7777777777777778 7
1626511845162 0.7843866171003717 8
1626511850249 0.8022181146025877 9
1626511855128 0.8059149722735675 10
1626511860252 0.8228782287822878 11
1626511864866 0.8308823529411764 12
1626511870162 0.8339483394833949 13
1626511874996 0.8397790055248618 14
1626511880172 0.8450184501845017 15
1626511885253 0.8487084870848709 16
1626511890189 0.855018587360595 17
1626511894998 0.8656716417910447 18
1626511899689 0.8726591760299626 19
1626511904999 0.8764044943820224 20
1626511910231 0.8830188679245282 21
1626511915289 0.88468809073724 22
1626511920342 0.8813559322033898 23
1626511925714 0.8884688090737239 24
1626511930606 0.8901515151515151 25
1626511935274 0.8952380952380953 26
1626511940583 0.8986615678776291 27
1626511945717 0.9007633587786259 28
1626511951054 0.9063097514340344 29
1626511955802 0.8918406072106261 30
