1626462737315 0 0
1626462739849 1 1
1626462742402 2 2
1626462745022 3 3
1626462747752 4 4
1626462750159 5 5
1626462752616 6 6
1626462755040 7 7
1626462757450 8 8
1626462759851 9 9
1626462762270 10 10
1626462764665 11 11
1626462767080 12 12
1626462769502 13 13
1626462771923 14 14
1626462774384 15 15
1626462776823 16 16
1626462779238 17 17
1626462781668 18 18
1626462784076 19 19
1626462786506 20 20
1626462788931 21 21
1626462791360 22 22
1626462793780 23 23
1626462796210 24 24
1626462798632 25 25
1626462801056 26 26
1626462803470 27 27
1626462805895 28 28
1626462808328 29 29
1626462810758 30 30
1626462813157 31 31
1626462815571 32 32
1626462818000 33 33
1626462820413 34 34
1626462822856 35 35
1626462825275 36 36
1626462827724 37 37
1626462830139 38 38
1626462832565 39 39
1626462834974 40 40
1626462837525 41 41
1626462839952 42 42
1626462842383 43 43
1626462844797 44 44
1626462847243 45 45
1626462849652 46 46
1626462852047 47 47
1626462854458 48 48
1626462856875 49 49
1626462859298 50 50
1626462861747 51 51
1626462864177 52 52
1626462866593 53 53
1626462869029 54 54
1626462871477 55 55
1626462873892 56 56
1626462876301 57 57
1626462878723 58 58
1626462881144 59 59
1626462883583 60 60
1626462886011 61 61
1626462888450 62 62
1626462890878 63 63
1626462893307 64 64
1626462895731 65 65
1626462898143 66 66
1626462900589 67 67
1626462903032 68 68
1626462905463 69 69
1626462907896 70 70
1626462910315 71 71
1626462912754 72 72
1626462915163 73 73
1626462917618 74 74
1626462920056 75 75
1626463108122 0 0
