1626462737315 0.7607453465461731 0
1626462739849 0.7026588916778564 1
1626462742402 0.6685429215431213 2
1626462745022 0.6482829451560974 3
1626462747752 0.6333939433097839 4
1626462750159 0.620966911315918 5
1626462752616 0.6105973124504089 6
1626462755040 0.6020805239677429 7
1626462757450 0.5948020219802856 8
1626462759851 0.5885303616523743 9
1626462762270 0.5827286243438721 10
1626462764665 0.5775459408760071 11
1626462767080 0.5726425051689148 12
1626462769502 0.5681480169296265 13
1626462771923 0.564142644405365 14
1626462774384 0.5604459643363953 15
1626462776823 0.5568330883979797 16
1626462779238 0.5533872246742249 17
1626462781668 0.5502052307128906 18
1626462784076 0.5472072958946228 19
1626462786506 0.5443246960639954 20
1626462788931 0.5415156483650208 21
1626462791360 0.538836658000946 22
1626462793780 0.5362293124198914 23
1626462796210 0.5337117910385132 24
1626462798632 0.5313940644264221 25
1626462801056 0.5293088555335999 26
1626462803470 0.5272979140281677 27
1626462805895 0.5254538655281067 28
1626462808328 0.5236660838127136 29
1626462810758 0.521957278251648 30
1626462813157 0.5203089118003845 31
1626462815571 0.5187572836875916 32
1626462818000 0.5173662304878235 33
1626462820413 0.5159699320793152 34
1626462822856 0.514634370803833 35
1626462825275 0.5133354663848877 36
1626462827724 0.5121996402740479 37
1626462830139 0.5110476613044739 38
1626462832565 0.5099495649337769 39
1626462834974 0.5089006423950195 40
1626462837525 0.5079022645950317 41
1626462839952 0.507006824016571 42
1626462842383 0.5061030387878418 43
1626462844797 0.5052679181098938 44
1626462847243 0.5044927000999451 45
1626462849652 0.5036874413490295 46
1626462852047 0.502959668636322 47
1626462854458 0.5022903084754944 48
1626462856875 0.5016492605209351 49
1626462859298 0.5009871125221252 50
1626462861747 0.5004288554191589 51
1626462864177 0.49988967180252075 52
1626462866593 0.49933886528015137 53
1626462869029 0.49885785579681396 54
1626462871477 0.4983375072479248 55
1626462873892 0.4978976845741272 56
1626462876301 0.4974725544452667 57
1626462878723 0.497108519077301 58
1626462881144 0.49664491415023804 59
1626462883583 0.4963475167751312 60
1626462886011 0.49595776200294495 61
1626462888450 0.4955808222293854 62
1626462890878 0.49524980783462524 63
1626462893307 0.49488750100135803 64
1626462895731 0.49443939328193665 65
1626462898143 0.4940894842147827 66
1626462900589 0.49374106526374817 67
1626462903032 0.49342554807662964 68
1626462905463 0.4930606186389923 69
1626462907896 0.49263209104537964 70
1626462910315 0.4922831952571869 71
1626462912754 0.4919506907463074 72
1626462915163 0.4916059970855713 73
1626462917618 0.49126654863357544 74
1626462920056 0.4938688278198242 75
