1626462737315 0.5206422018348623 0
1626462739849 0.5644171779141104 1
1626462742402 0.5948051948051948 2
1626462745022 0.6179310344827587 3
1626462747752 0.6382978723404256 4
1626462750159 0.6588579795021962 5
1626462752616 0.6696562032884903 6
1626462755040 0.6788990825688073 7
1626462757450 0.6842923794712286 8
1626462759851 0.6918238993710691 9
1626462762270 0.6951026856240126 10
1626462764665 0.6962025316455696 11
1626462767080 0.6984126984126984 12
1626462769502 0.706070287539936 13
1626462771923 0.7099841521394612 14
1626462774384 0.711323763955343 15
1626462776823 0.711323763955343 16
1626462779238 0.7156549520766774 17
1626462781668 0.717948717948718 18
1626462784076 0.7202572347266881 19
1626462786506 0.7225806451612903 20
1626462788931 0.7290322580645161 21
1626462791360 0.7325769854132901 22
1626462793780 0.7325769854132901 23
1626462796210 0.7373572593800978 24
1626462798632 0.740983606557377 25
1626462801056 0.7422003284072248 26
1626462803470 0.7434210526315789 27
1626462805895 0.7446457990115322 28
1626462808328 0.747107438016529 29
1626462810758 0.747107438016529 30
1626462813157 0.7495854063018242 31
1626462815571 0.7495854063018242 32
1626462818000 0.7508305647840531 33
1626462820413 0.7516556291390728 34
1626462822856 0.7529021558872305 35
1626462825275 0.7541528239202658 36
1626462827724 0.7554076539101497 37
1626462830139 0.7566666666666666 38
1626462832565 0.7566666666666666 39
1626462834974 0.7579298831385642 40
1626462837525 0.7591973244147158 41
1626462839952 0.7591973244147158 42
1626462842383 0.7591973244147158 43
1626462844797 0.760469011725293 44
1626462847243 0.7625418060200668 45
1626462849652 0.7625418060200668 46
1626462852047 0.7651006711409396 47
1626462854458 0.7663865546218488 48
1626462856875 0.7663865546218488 49
1626462859298 0.7676767676767676 50
1626462861747 0.7676767676767676 51
1626462864177 0.7676767676767676 52
1626462866593 0.7689713322091063 53
1626462869029 0.7689713322091063 54
1626462871477 0.7689713322091063 55
1626462873892 0.7702702702702703 56
1626462876301 0.7702702702702703 57
1626462878723 0.7702702702702703 58
1626462881144 0.7702702702702703 59
1626462883583 0.7702702702702703 60
1626462886011 0.7702702702702703 61
1626462888450 0.7702702702702703 62
1626462890878 0.7702702702702703 63
1626462893307 0.7702702702702703 64
1626462895731 0.7702702702702703 65
1626462898143 0.7702702702702703 66
1626462900589 0.7702702702702703 67
1626462903032 0.7702702702702703 68
1626462905463 0.7702702702702703 69
1626462907896 0.7702702702702703 70
1626462910315 0.7702702702702703 71
1626462912754 0.7702702702702703 72
1626462915163 0.7702702702702703 73
1626462917618 0.7702702702702703 74
1626462920056 0.7702702702702703 75
