1626509599191 0 0
1626509603923 1 1
1626509608776 2 2
1626509614520 3 3
1626509619382 4 4
1626509625005 5 5
1626509630576 6 6
1626509635558 7 7
1626509641256 8 8
1626509646727 9 9
1626509651903 10 10
1626509657462 11 11
1626509662846 12 12
1626509668262 13 13
1626509673758 14 14
1626509678791 15 15
1626509683766 16 16
1626509689249 17 17
1626509694543 18 18
1626509699384 19 19
1626509704563 20 20
1626509709780 21 21
1626509714884 22 22
1626509722178 23 23
1626509728996 24 24
1626509734998 25 25
1626509741282 26 26
1626509747881 27 27
1626509753727 28 28
1626509759894 29 29
1626509766324 30 30
1626509772656 31 31
1626509778864 32 32
1626509785145 33 33
1626509791793 34 34
1626509797944 35 35
1626509804681 36 36
1626509810893 37 37
1626509817185 38 38
1626509823448 39 39
1626509829484 40 40
1626509835730 41 41
1626509842304 42 42
1626509849260 43 43
1626509855364 44 44
1626509861045 45 45
1626509867444 46 46
1626509874657 47 47
1626509880686 48 48
1626509886671 49 49
1626509894046 50 50
1626509900099 51 51
1626509906665 52 52
1626509912558 53 53
1626509918675 54 54
1626509925222 55 55
1626509931601 56 56
1626509937679 57 57
1626509943796 58 58
1626509950082 59 59
1626509956069 60 60
1626509963441 61 61
1626509969644 62 62
1626509975794 63 63
1626509981769 64 64
1626509987491 65 65
1626509993985 66 66
1626509999947 67 67
1626510006058 68 68
1626510012205 69 69
1626510018691 70 70
1626510024906 71 71
1626510030805 72 72
1626510036848 73 73
1626510042496 74 74
1626510049422 75 75
1626510497764 0 0
