1626509599191 0.7697678804397583 0
1626509603923 0.7111127972602844 1
1626509608776 0.6760783195495605 2
1626509614520 0.6563336253166199 3
1626509619382 0.6415588855743408 4
1626509625005 0.6291424632072449 5
1626509630576 0.6185293197631836 6
1626509635558 0.6094619035720825 7
1626509641256 0.6014149188995361 8
1626509646727 0.5945585370063782 9
1626509651903 0.588352382183075 10
1626509657462 0.58262038230896 11
1626509662846 0.5775689482688904 12
1626509668262 0.5730394124984741 13
1626509673758 0.5687767267227173 14
1626509678791 0.5646809935569763 15
1626509683766 0.561015784740448 16
1626509689249 0.5575264096260071 17
1626509694543 0.5541423559188843 18
1626509699384 0.5510491132736206 19
1626509704563 0.5480703115463257 20
1626509709780 0.5452961921691895 21
1626509714884 0.5426459908485413 22
1626509722178 0.5401279926300049 23
1626509728996 0.5377137660980225 24
1626509734998 0.535449743270874 25
1626509741282 0.5332767367362976 26
1626509747881 0.5312777161598206 27
1626509753727 0.5292757749557495 28
1626509759894 0.527431070804596 29
1626509766324 0.5256208777427673 30
1626509772656 0.5239010453224182 31
1626509778864 0.522341787815094 32
1626509785145 0.5208456516265869 33
1626509791793 0.5194501876831055 34
1626509797944 0.518035352230072 35
1626509804681 0.5167523622512817 36
1626509810893 0.515590250492096 37
1626509817185 0.5143373608589172 38
1626509823448 0.5132072567939758 39
1626509829484 0.5122323036193848 40
1626509835730 0.5111919641494751 41
1626509842304 0.5102832317352295 42
1626509849260 0.5093472599983215 43
1626509855364 0.5085117220878601 44
1626509861045 0.5077151656150818 45
1626509867444 0.5069391131401062 46
1626509874657 0.506178081035614 47
1626509880686 0.505482017993927 48
1626509886671 0.504864513874054 49
1626509894046 0.5042282938957214 50
1626509900099 0.5036284327507019 51
1626509906665 0.5030872821807861 52
1626509912558 0.5025528073310852 53
1626509918675 0.5020817518234253 54
1626509925222 0.5015671253204346 55
1626509931601 0.5011651515960693 56
1626509937679 0.5006985664367676 57
1626509943796 0.5003335475921631 58
1626509950082 0.499849796295166 59
1626509956069 0.49951839447021484 60
1626509963441 0.49909070134162903 61
1626509969644 0.49874621629714966 62
1626509975794 0.49840402603149414 63
1626509981769 0.4979777932167053 64
1626509987491 0.4976402521133423 65
1626509993985 0.4972103238105774 66
1626509999947 0.4968760311603546 67
1626510006058 0.4965159595012665 68
1626510012205 0.49613451957702637 69
1626510018691 0.49579712748527527 70
1626510024906 0.4953683018684387 71
1626510030805 0.49504417181015015 72
1626510036848 0.49466508626937866 73
1626510042496 0.4942905604839325 74
1626510049422 0.49700915813446045 75
