1626509599191 0.5217391304347826 0
1626509603923 0.5641025641025641 1
1626509608776 0.5961290322580646 2
1626509614520 0.6093959731543624 3
1626509619382 0.6320224719101124 4
1626509625005 0.654014598540146 5
1626509630576 0.6656671664167916 6
1626509635558 0.669710806697108 7
1626509641256 0.6800618238021638 8
1626509646727 0.682170542635659 9
1626509651903 0.686335403726708 10
1626509657462 0.6926677067082684 11
1626509662846 0.7000000000000001 12
1626509668262 0.7032967032967032 13
1626509673758 0.7097791798107256 14
1626509678791 0.707740916271722 15
1626509683766 0.7140600315955765 16
1626509689249 0.7174603174603174 17
1626509694543 0.7220447284345048 18
1626509699384 0.7202572347266881 19
1626509704563 0.7225806451612903 20
1626509709780 0.7225806451612903 21
1626509714884 0.7225806451612903 22
1626509722178 0.7249190938511327 23
1626509728996 0.7260940032414911 24
1626509734998 0.7272727272727272 25
1626509741282 0.7284552845528455 26
1626509747881 0.7296416938110748 27
1626509753727 0.7296416938110748 28
1626509759894 0.7328990228013029 29
1626509766324 0.7364975450081833 30
1626509772656 0.7377049180327869 31
1626509778864 0.7413509060955519 32
1626509785145 0.7425742574257427 33
1626509791793 0.7425742574257427 34
1626509797944 0.7425742574257427 35
1626509804681 0.7475083056478405 36
1626509810893 0.7475083056478405 37
1626509817185 0.7487520798668885 38
1626509823448 0.7499999999999999 39
1626509829484 0.7525083612040134 40
1626509835730 0.7512520868113522 41
1626509842304 0.7533333333333333 42
1626509849260 0.7533333333333333 43
1626509855364 0.7545909849749581 44
1626509861045 0.7545909849749581 45
1626509867444 0.7566666666666666 46
1626509874657 0.7566666666666666 47
1626509880686 0.7566666666666666 48
1626509886671 0.7566666666666666 49
1626509894046 0.7566666666666666 50
1626509900099 0.7591973244147158 51
1626509906665 0.7625418060200668 52
1626509912558 0.7658862876254181 53
1626509918675 0.7679465776293825 54
1626509925222 0.7692307692307693 55
1626509931601 0.7692307692307693 56
1626509937679 0.7692307692307693 57
1626509943796 0.7692307692307693 58
1626509950082 0.7679465776293825 59
1626509956069 0.7692307692307693 60
1626509963441 0.7692307692307693 61
1626509969644 0.7692307692307693 62
1626509975794 0.7692307692307693 63
1626509981769 0.7705192629815746 64
1626509987491 0.7705192629815746 65
1626509993985 0.7705192629815746 66
1626509999947 0.7705192629815746 67
1626510006058 0.7718120805369127 68
1626510012205 0.7718120805369127 69
1626510018691 0.7718120805369127 70
1626510024906 0.7718120805369127 71
1626510030805 0.7718120805369127 72
1626510036848 0.7718120805369127 73
1626510042496 0.7718120805369127 74
1626510049422 0.7705192629815746 75
