1626510055740 0 0
1626510061838 1 1
1626510068060 2 2
1626510073924 3 3
1626510079949 4 4
1626510087588 5 5
1626510094027 6 6
1626510099794 7 7
1626510105828 8 8
1626510111607 9 9
1626510117553 10 10
1626510124174 11 11
1626510130452 12 12
1626510136640 13 13
1626510144318 14 14
1626510150367 15 15
1626510156076 16 16
1626510161897 17 17
1626510167921 18 18
1626510174628 19 19
1626510180567 20 20
1626510186671 21 21
1626510192635 22 22
1626510198756 23 23
1626510205253 24 24
1626510211097 25 25
1626510217339 26 26
1626510224099 27 27
1626510230050 28 28
1626510235470 29 29
1626510240800 30 30
1626510246451 31 31
1626510251372 32 32
1626510256117 33 33
1626510261103 34 34
1626510265876 35 35
1626510271023 36 36
1626510277022 37 37
1626510282023 38 38
1626510287607 39 39
1626510292900 40 40
1626510298768 41 41
1626510303762 42 42
1626510310131 43 43
1626510316267 44 44
1626510322206 45 45
1626510327660 46 46
1626510334219 47 47
1626510340328 48 48
1626510346717 49 49
1626510352756 50 50
1626510358857 51 51
1626510364928 52 52
1626510371034 53 53
1626510377007 54 54
1626510383056 55 55
1626510389139 56 56
1626510395947 57 57
1626510401779 58 58
1626510407650 59 59
1626510413626 60 60
1626510419565 61 61
1626510426191 62 62
1626510431720 63 63
1626510437052 64 64
1626510442524 65 65
1626510447621 66 66
1626510452580 67 67
1626510457782 68 68
1626510462813 69 69
1626510467858 70 70
1626510472823 71 71
1626510478034 72 72
1626510482996 73 73
1626510488027 74 74
1626510492903 75 75
1626510502747 0 0
