1626510055740 0.7177360653877258 0
1626510061838 0.5857865214347839 1
1626510068060 0.5296623110771179 2
1626510073924 0.5004518032073975 3
1626510079949 0.48179468512535095 4
1626510087588 0.46770820021629333 5
1626510094027 0.45557713508605957 6
1626510099794 0.4446166157722473 7
1626510105828 0.4352509677410126 8
1626510111607 0.4269571602344513 9
1626510117553 0.41898563504219055 10
1626510124174 0.4118002653121948 11
1626510130452 0.40552711486816406 12
1626510136640 0.3996039628982544 13
1626510144318 0.39434733986854553 14
1626510150367 0.38947486877441406 15
1626510156076 0.3849561810493469 16
1626510161897 0.38084298372268677 17
1626510167921 0.37705203890800476 18
1626510174628 0.37348508834838867 19
1626510180567 0.37017595767974854 20
1626510186671 0.36709877848625183 21
1626510192635 0.36422666907310486 22
1626510198756 0.3616028130054474 23
1626510205253 0.35907694697380066 24
1626510211097 0.3568193316459656 25
1626510217339 0.3547356128692627 26
1626510224099 0.3527812659740448 27
1626510230050 0.35091179609298706 28
1626510235470 0.34920263290405273 29
1626510240800 0.3475742042064667 30
1626510246451 0.3460818827152252 31
1626510251372 0.3446606993675232 32
1626510256117 0.3432859182357788 33
1626510261103 0.34210020303726196 34
1626510265876 0.340919554233551 35
1626510271023 0.3398481607437134 36
1626510277022 0.33880624175071716 37
1626510282023 0.3378724157810211 38
1626510287607 0.3369097411632538 39
1626510292900 0.3360203504562378 40
1626510298768 0.33525970578193665 41
1626510303762 0.33445844054222107 42
1626510310131 0.333747923374176 43
1626510316267 0.33303964138031006 44
1626510322206 0.3324105739593506 45
1626510327660 0.33176106214523315 46
1626510334219 0.3312136232852936 47
1626510340328 0.33062130212783813 48
1626510346717 0.3301135301589966 49
1626510352756 0.32959726452827454 50
1626510358857 0.3291521668434143 51
1626510364928 0.32872822880744934 52
1626510371034 0.3282892107963562 53
1626510377007 0.3279251456260681 54
1626510383056 0.3275761306285858 55
1626510389139 0.32723525166511536 56
1626510395947 0.326873779296875 57
1626510401779 0.32658979296684265 58
1626510407650 0.32631275057792664 59
1626510413626 0.32604649662971497 60
1626510419565 0.3257162272930145 61
1626510426191 0.3254531919956207 62
1626510431720 0.32518434524536133 63
1626510437052 0.32491934299468994 64
1626510442524 0.32463324069976807 65
1626510447621 0.3243650794029236 66
1626510452580 0.32409125566482544 67
1626510457782 0.32383424043655396 68
1626510462813 0.32357391715049744 69
1626510467858 0.3232595920562744 70
1626510472823 0.32301658391952515 71
1626510478034 0.32274630665779114 72
1626510482996 0.32251355051994324 73
1626510488027 0.322208434343338 74
1626510492903 0.3241893947124481 75
