1626510055740 0.024096385542168672 0
1626510061838 0.16541353383458646 1
1626510068060 0.2571428571428572 2
1626510073924 0.3853820598006645 3
1626510079949 0.4331210191082802 4
1626510087588 0.4767801857585139 5
1626510094027 0.5238095238095238 6
1626510099794 0.5828571428571429 7
1626510105828 0.6011235955056179 8
1626510111607 0.6239554317548747 9
1626510117553 0.6557377049180327 10
1626510124174 0.6809651474530831 11
1626510130452 0.6914893617021276 12
1626510136640 0.7139107611548556 13
1626510144318 0.7239583333333334 14
1626510150367 0.7403598971722366 15
1626510156076 0.7645569620253164 16
1626510161897 0.7769423558897244 17
1626510167921 0.803921568627451 18
1626510174628 0.803921568627451 19
1626510180567 0.8097560975609757 20
1626510186671 0.8232445520581113 21
1626510192635 0.8300970873786407 22
1626510198756 0.8385542168674698 23
1626510205253 0.8413461538461537 24
1626510211097 0.8496420047732697 25
1626510217339 0.8496420047732697 26
1626510224099 0.8523809523809524 27
1626510230050 0.8523809523809524 28
1626510235470 0.8523809523809524 29
1626510240800 0.8551068883610451 30
1626510246451 0.8578199052132701 31
1626510251372 0.8605200945626478 32
1626510256117 0.8605200945626478 33
1626510261103 0.8658823529411764 34
1626510265876 0.8685446009389672 35
1626510271023 0.8711943793911008 36
1626510277022 0.8738317757009346 37
1626510282023 0.8738317757009346 38
1626510287607 0.8738317757009346 39
1626510292900 0.8738317757009346 40
1626510298768 0.8764568764568765 41
1626510303762 0.8764568764568765 42
1626510310131 0.8764568764568765 43
1626510316267 0.8764568764568765 44
1626510322206 0.8790697674418605 45
1626510327660 0.8790697674418605 46
1626510334219 0.8842592592592593 47
1626510340328 0.8842592592592593 48
1626510346717 0.8842592592592593 49
1626510352756 0.8842592592592593 50
1626510358857 0.8842592592592593 51
1626510364928 0.8842592592592593 52
1626510371034 0.8868360277136259 53
1626510377007 0.8868360277136259 54
1626510383056 0.8868360277136259 55
1626510389139 0.8868360277136259 56
1626510395947 0.8868360277136259 57
1626510401779 0.8868360277136259 58
1626510407650 0.8868360277136259 59
1626510413626 0.8868360277136259 60
1626510419565 0.8868360277136259 61
1626510426191 0.8894009216589862 62
1626510431720 0.8894009216589862 63
1626510437052 0.8894009216589862 64
1626510442524 0.8894009216589862 65
1626510447621 0.8894009216589862 66
1626510452580 0.8894009216589862 67
1626510457782 0.8894009216589862 68
1626510462813 0.8894009216589862 69
1626510467858 0.8894009216589862 70
1626510472823 0.8894009216589862 71
1626510478034 0.8919540229885058 72
1626510482996 0.8919540229885058 73
1626510488027 0.8919540229885058 74
1626510492903 0.8894009216589862 75
