1626463373641 0 0
1626463376116 1 1
1626463378579 2 2
1626463381041 3 3
1626463383485 4 4
1626463385908 5 5
1626463388315 6 6
1626463391002 7 7
1626463394064 8 8
1626463396959 9 9
1626463399647 10 10
1626463402107 11 11
1626463404650 12 12
1626463407193 13 13
1626463409748 14 14
1626463412327 15 15
1626463414989 16 16
1626463417949 17 17
1626463420840 18 18
1626463423388 19 19
1626463425951 20 20
1626463428672 21 21
1626463431662 22 22
1626463434125 23 23
1626463436599 24 24
1626463439027 25 25
1626463441477 26 26
1626463444036 27 27
1626463446475 28 28
1626463448913 29 29
1626463451683 30 30
1626463454420 31 31
1626463457078 32 32
1626463459548 33 33
1626463462013 34 34
1626463464458 35 35
1626463466919 36 36
1626463469369 37 37
1626463471840 38 38
1626463474342 39 39
1626463476793 40 40
1626463479244 41 41
1626463481712 42 42
1626463484156 43 43
1626463486626 44 44
1626463489081 45 45
1626463491528 46 46
1626463493979 47 47
1626463496399 48 48
1626463498840 49 49
1626463501293 50 50
1626463503747 51 51
1626463506189 52 52
1626463508675 53 53
1626463511159 54 54
1626463513622 55 55
1626463516063 56 56
1626463518493 57 57
1626463520969 58 58
1626463523466 59 59
1626463525904 60 60
1626463528397 61 61
1626463530833 62 62
1626463533278 63 63
1626463535740 64 64
1626463538184 65 65
1626463540625 66 66
1626463543087 67 67
1626463545520 68 68
1626463547956 69 69
1626463550379 70 70
1626463552846 71 71
1626463555280 72 72
1626463557735 73 73
1626463560204 74 74
1626463562653 75 75
1626463565112 76 76
1626463567562 77 77
1626463570011 78 78
1626463572506 79 79
1626463574958 80 80
1626463577426 81 81
1626463579857 82 82
1626463582366 83 83
1626463584813 84 84
1626463587250 85 85
1626463589697 86 86
1626463592197 87 87
1626463594670 88 88
1626463597137 89 89
1626463599619 90 90
1626463602085 91 91
1626463604533 92 92
1626463606967 93 93
1626463609441 94 94
1626463611880 95 95
1626463614350 96 96
1626463616816 97 97
1626463619260 98 98
1626463621815 99 99
1626463624298 100 100
1626463629295 0 0
