1626463373641 0.896430492401123 0
1626463376116 0.762702226638794 1
1626463378579 0.7027952075004578 2
1626463381041 0.6698310971260071 3
1626463383485 0.6441563963890076 4
1626463385908 0.6230072379112244 5
1626463388315 0.6054055094718933 6
1626463391002 0.5911100506782532 7
1626463394064 0.5787197947502136 8
1626463396959 0.5671164393424988 9
1626463399647 0.556614100933075 10
1626463402107 0.5470852851867676 11
1626463404650 0.5383127927780151 12
1626463407193 0.5300217270851135 13
1626463409748 0.5224279761314392 14
1626463412327 0.5153400897979736 15
1626463414989 0.5087085366249084 16
1626463417949 0.5025192499160767 17
1626463420840 0.4966489374637604 18
1626463423388 0.4910048246383667 19
1626463425951 0.4856037497520447 20
1626463428672 0.48050954937934875 21
1626463431662 0.47558078169822693 22
1626463434125 0.47090181708335876 23
1626463436599 0.46664467453956604 24
1626463439027 0.46249711513519287 25
1626463441477 0.4586244225502014 26
1626463444036 0.45489126443862915 27
1626463446475 0.4514155685901642 28
1626463448913 0.4480469822883606 29
1626463451683 0.44495901465415955 30
1626463454420 0.44200974702835083 31
1626463457078 0.43918755650520325 32
1626463459548 0.43655645847320557 33
1626463462013 0.43401211500167847 34
1626463464458 0.4316994547843933 35
1626463466919 0.4294378459453583 36
1626463469369 0.4272668957710266 37
1626463471840 0.4253312051296234 38
1626463474342 0.4235425591468811 39
1626463476793 0.42173275351524353 40
1626463479244 0.4200490713119507 41
1626463481712 0.4185144007205963 42
1626463484156 0.41701507568359375 43
1626463486626 0.41564205288887024 44
1626463489081 0.41426777839660645 45
1626463491528 0.4130595624446869 46
1626463493979 0.4117978513240814 47
1626463496399 0.4107809066772461 48
1626463498840 0.4097367227077484 49
1626463501293 0.40868985652923584 50
1626463503747 0.40780431032180786 51
1626463506189 0.4069026708602905 52
1626463508675 0.40607860684394836 53
1626463511159 0.40523210167884827 54
1626463513622 0.404531329870224 55
1626463516063 0.4037061333656311 56
1626463518493 0.40311574935913086 57
1626463520969 0.40245291590690613 58
1626463523466 0.40187299251556396 59
1626463525904 0.4012387990951538 60
1626463528397 0.40070652961730957 61
1626463530833 0.40022000670433044 62
1626463533278 0.3996673822402954 63
1626463535740 0.39924269914627075 64
1626463538184 0.3987721800804138 65
1626463540625 0.398316890001297 66
1626463543087 0.3979075253009796 67
1626463545520 0.3975479304790497 68
1626463547956 0.39721304178237915 69
1626463550379 0.3968179523944855 70
1626463552846 0.3965553045272827 71
1626463555280 0.39627861976623535 72
1626463557735 0.39594772458076477 73
1626463560204 0.395688533782959 74
1626463562653 0.39535579085350037 75
1626463565112 0.3951406180858612 76
1626463567562 0.39488452672958374 77
1626463570011 0.3946717381477356 78
1626463572506 0.39446812868118286 79
1626463574958 0.39427733421325684 80
1626463577426 0.39410948753356934 81
1626463579857 0.393888920545578 82
1626463582366 0.39370518922805786 83
1626463584813 0.39347219467163086 84
1626463587250 0.3932539224624634 85
1626463589697 0.39305567741394043 86
1626463592197 0.39285895228385925 87
1626463594670 0.3926517367362976 88
1626463597137 0.39248648285865784 89
1626463599619 0.3923129141330719 90
1626463602085 0.39205724000930786 91
1626463604533 0.3919139802455902 92
1626463606967 0.391752153635025 93
1626463609441 0.39155077934265137 94
1626463611880 0.39137110114097595 95
1626463614350 0.3912387192249298 96
1626463616816 0.3909350335597992 97
1626463619260 0.39073771238327026 98
1626463621815 0.3905714750289917 99
1626463624298 0.3924719989299774 100
