1626463373641 0.4382871536523929 0
1626463376116 0.5154130702836004 1
1626463378579 0.564294631710362 2
1626463381041 0.5879332477535302 3
1626463383485 0.621438263229308 4
1626463385908 0.6495726495726496 5
1626463388315 0.6686046511627908 6
1626463391002 0.6824925816023738 7
1626463394064 0.6957831325301205 8
1626463396959 0.7075038284839203 9
1626463399647 0.7140649149922721 10
1626463402107 0.719626168224299 11
1626463404650 0.7230046948356809 12
1626463407193 0.7370078740157481 13
1626463409748 0.7396825396825396 14
1626463412327 0.7540453074433657 15
1626463414989 0.761437908496732 16
1626463417949 0.768976897689769 17
1626463420840 0.7746243739565942 18
1626463423388 0.7811447811447811 19
1626463425951 0.7845117845117845 20
1626463428672 0.7892074198988196 21
1626463431662 0.7999999999999999 22
1626463434125 0.8013698630136986 23
1626463436599 0.8041237113402061 24
1626463439027 0.8153310104529617 25
1626463441477 0.818815331010453 26
1626463444036 0.8222996515679442 27
1626463446475 0.8286713286713288 28
1626463448913 0.834507042253521 29
1626463451683 0.8374558303886925 30
1626463454420 0.8389380530973451 31
1626463457078 0.8389380530973451 32
1626463459548 0.8404255319148936 33
1626463462013 0.8449197860962566 34
1626463464458 0.8449197860962566 35
1626463466919 0.8464285714285715 36
1626463469369 0.8479427549194991 37
1626463471840 0.8509874326750447 38
1626463474342 0.8509874326750447 39
1626463476793 0.8540540540540541 40
1626463479244 0.855595667870036 41
1626463481712 0.855595667870036 42
1626463484156 0.855595667870036 43
1626463486626 0.857142857142857 44
1626463489081 0.8602540834845734 45
1626463491528 0.8618181818181818 46
1626463493979 0.8670309653916211 47
1626463496399 0.8670309653916211 48
1626463498840 0.8670309653916211 49
1626463501293 0.8670309653916211 50
1626463503747 0.8670309653916211 51
1626463506189 0.8706739526411658 52
1626463508675 0.8706739526411658 53
1626463511159 0.8706739526411658 54
1626463513622 0.8706739526411658 55
1626463516063 0.8738574040219379 56
1626463518493 0.8770642201834863 57
1626463520969 0.8770642201834863 58
1626463523466 0.8802946593001841 59
1626463525904 0.8819188191881919 60
1626463528397 0.8835489833641405 61
1626463530833 0.8835489833641405 62
1626463533278 0.8868274582560297 63
1626463535740 0.8884758364312267 64
1626463538184 0.8884758364312267 65
1626463540625 0.8901303538175046 66
1626463543087 0.8901303538175046 67
1626463545520 0.8901303538175046 68
1626463547956 0.8901303538175046 69
1626463550379 0.8901303538175046 70
1626463552846 0.8901303538175046 71
1626463555280 0.8901303538175046 72
1626463557735 0.8917910447761195 73
1626463560204 0.8934579439252337 74
1626463562653 0.8934579439252337 75
1626463565112 0.8934579439252337 76
1626463567562 0.8934579439252337 77
1626463570011 0.8951310861423222 78
1626463572506 0.8934579439252337 79
1626463574958 0.8951310861423222 80
1626463577426 0.8951310861423222 81
1626463579857 0.8951310861423222 82
1626463582366 0.8951310861423222 83
1626463584813 0.8951310861423222 84
1626463587250 0.8951310861423222 85
1626463589697 0.8951310861423222 86
1626463592197 0.8951310861423222 87
1626463594670 0.8951310861423222 88
1626463597137 0.8951310861423222 89
1626463599619 0.8951310861423222 90
1626463602085 0.8951310861423222 91
1626463604533 0.8968105065666041 92
1626463606967 0.8968105065666041 93
1626463609441 0.8968105065666041 94
1626463611880 0.8968105065666041 95
1626463614350 0.8968105065666041 96
1626463616816 0.8968105065666041 97
1626463619260 0.8968105065666041 98
1626463621815 0.8968105065666041 99
1626463624298 0.8951310861423222 100
