1626463113109 0 0
1626463115512 1 1
1626463117929 2 2
1626463120375 3 3
1626463122808 4 4
1626463125213 5 5
1626463127661 6 6
1626463130065 7 7
1626463132486 8 8
1626463134914 9 9
1626463137314 10 10
1626463139737 11 11
1626463142216 12 12
1626463144611 13 13
1626463147040 14 14
1626463149456 15 15
1626463151884 16 16
1626463154376 17 17
1626463157109 18 18
1626463159866 19 19
1626463162415 20 20
1626463165082 21 21
1626463167772 22 22
1626463170457 23 23
1626463173240 24 24
1626463176018 25 25
1626463178703 26 26
1626463181274 27 27
1626463184154 28 28
1626463186666 29 29
1626463189147 30 30
1626463191756 31 31
1626463194341 32 32
1626463196851 33 33
1626463199321 34 34
1626463201768 35 35
1626463204404 36 36
1626463207378 37 37
1626463210167 38 38
1626463212888 39 39
1626463215519 40 40
1626463218236 41 41
1626463220637 42 42
1626463223159 43 43
1626463225670 44 44
1626463228230 45 45
1626463230746 46 46
1626463233336 47 47
1626463235948 48 48
1626463238699 49 49
1626463241246 50 50
1626463243817 51 51
1626463246528 52 52
1626463249288 53 53
1626463251891 54 54
1626463254747 55 55
1626463257369 56 56
1626463260203 57 57
1626463263101 58 58
1626463265833 59 59
1626463268531 60 60
1626463271036 61 61
1626463273637 62 62
1626463276278 63 63
1626463278901 64 64
1626463281369 65 65
1626463283799 66 66
1626463286223 67 67
1626463288667 68 68
1626463291125 69 69
1626463293549 70 70
1626463295985 71 71
1626463298389 72 72
1626463301162 73 73
1626463304121 74 74
1626463306546 75 75
1626463309002 76 76
1626463311418 77 77
1626463314185 78 78
1626463316762 79 79
1626463319721 80 80
1626463322740 81 81
1626463325719 82 82
1626463328604 83 83
1626463331338 84 84
1626463333768 85 85
1626463336199 86 86
1626463338750 87 87
1626463341340 88 88
1626463343754 89 89
1626463346157 90 90
1626463348614 91 91
1626463351066 92 92
1626463353526 93 93
1626463355945 94 94
1626463358368 95 95
1626463360786 96 96
1626463363292 97 97
1626463366233 98 98
1626463368667 99 99
1626463371085 100 100
1626463626824 0 0
