1626463113109 0.7161839008331299 0
1626463115512 0.6101785898208618 1
1626463117929 0.5560390949249268 2
1626463120375 0.5250205993652344 3
1626463122808 0.502615749835968 4
1626463125213 0.4852442443370819 5
1626463127661 0.4719648063182831 6
1626463130065 0.46099743247032166 7
1626463132486 0.45141008496284485 8
1626463134914 0.44300147891044617 9
1626463137314 0.4358474612236023 10
1626463139737 0.4292203187942505 11
1626463142216 0.4227198660373688 12
1626463144611 0.41634663939476013 13
1626463147040 0.41025474667549133 14
1626463149456 0.40461283922195435 15
1626463151884 0.3993191123008728 16
1626463154376 0.3944997489452362 17
1626463157109 0.38992083072662354 18
1626463159866 0.3856380879878998 19
1626463162415 0.3815218508243561 20
1626463165082 0.3777105510234833 21
1626463167772 0.3740983307361603 22
1626463170457 0.37073540687561035 23
1626463173240 0.3675321638584137 24
1626463176018 0.36451461911201477 25
1626463178703 0.36169376969337463 26
1626463181274 0.3589685559272766 27
1626463184154 0.356352835893631 28
1626463186666 0.35382774472236633 29
1626463189147 0.35141411423683167 30
1626463191756 0.34917065501213074 31
1626463194341 0.3470337986946106 32
1626463196851 0.34496426582336426 33
1626463199321 0.3430447280406952 34
1626463201768 0.34127214550971985 35
1626463204404 0.33952218294143677 36
1626463207378 0.3378880023956299 37
1626463210167 0.3362516462802887 38
1626463212888 0.33471494913101196 39
1626463215519 0.3333166837692261 40
1626463218236 0.33199718594551086 41
1626463220637 0.3307102620601654 42
1626463223159 0.32952216267585754 43
1626463225670 0.3283211886882782 44
1626463228230 0.32722780108451843 45
1626463230746 0.3261982798576355 46
1626463233336 0.3252355456352234 47
1626463235948 0.32427549362182617 48
1626463238699 0.32343003153800964 49
1626463241246 0.3225032389163971 50
1626463243817 0.3217719495296478 51
1626463246528 0.32106539607048035 52
1626463249288 0.3202974498271942 53
1626463251891 0.31965693831443787 54
1626463254747 0.3190101683139801 55
1626463257369 0.31833794713020325 56
1626463260203 0.3178389072418213 57
1626463263101 0.31726643443107605 58
1626463265833 0.3167440593242645 59
1626463268531 0.31621280312538147 60
1626463271036 0.31576696038246155 61
1626463273637 0.3153286278247833 62
1626463276278 0.31489434838294983 63
1626463278901 0.3144979178905487 64
1626463281369 0.31401559710502625 65
1626463283799 0.3136787414550781 66
1626463286223 0.3133344054222107 67
1626463288667 0.312982976436615 68
1626463291125 0.3127094805240631 69
1626463293549 0.31236177682876587 70
1626463295985 0.31204748153686523 71
1626463298389 0.31177082657814026 72
1626463301162 0.31152215600013733 73
1626463304121 0.311311274766922 74
1626463306546 0.31103917956352234 75
1626463309002 0.31083759665489197 76
1626463311418 0.3106398284435272 77
1626463314185 0.31044802069664 78
1626463316762 0.31025663018226624 79
1626463319721 0.31005990505218506 80
1626463322740 0.3098326027393341 81
1626463325719 0.30966266989707947 82
1626463328604 0.30948853492736816 83
1626463331338 0.3092980980873108 84
1626463333768 0.3091334402561188 85
1626463336199 0.30895447731018066 86
1626463338750 0.3087749183177948 87
1626463341340 0.308567613363266 88
1626463343754 0.3083912134170532 89
1626463346157 0.3082185685634613 90
1626463348614 0.30799007415771484 91
1626463351066 0.30780938267707825 92
1626463353526 0.3075856566429138 93
1626463355945 0.3073619604110718 94
1626463358368 0.3071906864643097 95
1626463360786 0.30703094601631165 96
1626463363292 0.3068423569202423 97
1626463366233 0.3066501021385193 98
1626463368667 0.3064890503883362 99
1626463371085 0.30836221575737 100
