1626463113109 0.3381642512077295 0
1626463115512 0.4619289340101522 1
1626463117929 0.5340050377833753 2
1626463120375 0.5975308641975309 3
1626463122808 0.631578947368421 4
1626463125213 0.655813953488372 5
1626463127661 0.6848072562358277 6
1626463130065 0.6995515695067264 7
1626463132486 0.7300884955752213 8
1626463134914 0.7400881057268721 9
1626463137314 0.7527352297592997 10
1626463139737 0.7668845315904138 11
1626463142216 0.7809110629067245 12
1626463144611 0.7844827586206896 13
1626463147040 0.8 14
1626463149456 0.8094218415417558 15
1626463151884 0.8170212765957446 16
1626463154376 0.822269807280514 17
1626463157109 0.8293736501079914 18
1626463159866 0.8311688311688312 19
1626463162415 0.8362068965517241 20
1626463165082 0.8398268398268399 21
1626463167772 0.8434782608695652 22
1626463170457 0.8503253796095445 23
1626463173240 0.8521739130434782 24
1626463176018 0.8540305010893247 25
1626463178703 0.8558951965065502 26
1626463181274 0.8583877995642701 27
1626463184154 0.8633405639913231 28
1626463186666 0.8658008658008658 29
1626463189147 0.8676789587852495 30
1626463191756 0.8720173535791758 31
1626463194341 0.8744588744588744 32
1626463196851 0.876355748373102 33
1626463199321 0.876355748373102 34
1626463201768 0.876355748373102 35
1626463204404 0.876355748373102 36
1626463207378 0.876355748373102 37
1626463210167 0.876355748373102 38
1626463212888 0.8831168831168832 39
1626463215519 0.8831168831168832 40
1626463218236 0.8850325379609544 41
1626463220637 0.8850325379609544 42
1626463223159 0.8850325379609544 43
1626463225670 0.8850325379609544 44
1626463228230 0.8908296943231442 45
1626463230746 0.8908296943231442 46
1626463233336 0.8932461873638344 47
1626463235948 0.8932461873638344 48
1626463238699 0.8956521739130434 49
1626463241246 0.8956521739130434 50
1626463243817 0.8956521739130434 51
1626463246528 0.8956521739130434 52
1626463249288 0.8980477223427331 53
1626463251891 0.9004329004329005 54
1626463254747 0.9004329004329005 55
1626463257369 0.9004329004329005 56
1626463260203 0.9004329004329005 57
1626463263101 0.9004329004329005 58
1626463265833 0.9004329004329005 59
1626463268531 0.9023861171366595 60
1626463271036 0.9023861171366595 61
1626463273637 0.9023861171366595 62
1626463276278 0.9023861171366595 63
1626463278901 0.9023861171366595 64
1626463281369 0.9023861171366595 65
1626463283799 0.9023861171366595 66
1626463286223 0.9023861171366595 67
1626463288667 0.9023861171366595 68
1626463291125 0.9023861171366595 69
1626463293549 0.9067245119305857 70
1626463295985 0.9067245119305857 71
1626463298389 0.9067245119305857 72
1626463301162 0.908695652173913 73
1626463304121 0.908695652173913 74
1626463306546 0.908695652173913 75
1626463309002 0.908695652173913 76
1626463311418 0.908695652173913 77
1626463314185 0.908695652173913 78
1626463316762 0.908695652173913 79
1626463319721 0.908695652173913 80
1626463322740 0.908695652173913 81
1626463325719 0.908695652173913 82
1626463328604 0.908695652173913 83
1626463331338 0.908695652173913 84
1626463333768 0.908695652173913 85
1626463336199 0.908695652173913 86
1626463338750 0.908695652173913 87
1626463341340 0.908695652173913 88
1626463343754 0.908695652173913 89
1626463346157 0.908695652173913 90
1626463348614 0.908695652173913 91
1626463351066 0.908695652173913 92
1626463353526 0.908695652173913 93
1626463355945 0.908695652173913 94
1626463358368 0.908695652173913 95
1626463360786 0.908695652173913 96
1626463363292 0.908695652173913 97
1626463366233 0.908695652173913 98
1626463368667 0.908695652173913 99
1626463371085 0.908695652173913 100
