1626511970750 0 0
1626511975598 1 1
1626511980728 2 2
1626511985735 3 3
1626511990527 4 4
1626511995287 5 5
1626512000252 6 6
1626512005109 7 7
1626512010241 8 8
1626512015247 9 9
1626512019945 10 10
1626512025022 11 11
1626512030065 12 12
1626512035020 13 13
1626512040091 14 14
1626512044765 15 15
1626512049306 16 16
1626512054041 17 17
1626512059133 18 18
1626512063952 19 19
1626512068744 20 20
1626512073274 21 21
1626512078284 22 22
1626512083120 23 23
1626512087763 24 24
1626512091379 25 25
1626512094293 26 26
1626512097302 27 27
1626512100249 28 28
1626512103243 29 29
1626512106285 30 30
1626512109246 31 31
1626512112310 32 32
1626512115203 33 33
1626512118159 34 34
1626512121218 35 35
1626512124096 36 36
1626512127083 37 37
1626512130116 38 38
1626512133094 39 39
1626512136103 40 40
1626512139063 41 41
1626512142075 42 42
1626512145073 43 43
1626512148107 44 44
1626512151186 45 45
1626512154142 46 46
1626512157154 47 47
1626512160305 48 48
1626512163428 49 49
1626512166329 50 50
1626512169184 51 51
1626512172191 52 52
1626512175208 53 53
1626512178291 54 54
1626512181223 55 55
1626512184217 56 56
1626512187139 57 57
1626512190059 58 58
1626512193110 59 59
1626512196198 60 60
1626512199242 61 61
1626512202216 62 62
1626512205248 63 63
1626512208200 64 64
1626512211335 65 65
1626512214261 66 66
1626512217401 67 67
1626512220405 68 68
1626512223452 69 69
1626512226489 70 70
1626512229474 71 71
1626512232493 72 72
1626512235460 73 73
1626512238485 74 74
1626512241379 75 75
1626512504058 0 0
