1626511970750 0.7672263979911804 0
1626511975598 0.7065612077713013 1
1626511980728 0.6709955334663391 2
1626511985735 0.649712324142456 3
1626511990527 0.6343069672584534 4
1626511995287 0.6216241717338562 5
1626512000252 0.6109445095062256 6
1626512005109 0.6021173596382141 7
1626512010241 0.5946797728538513 8
1626512015247 0.5884112119674683 9
1626512019945 0.5828485488891602 10
1626512025022 0.5778326988220215 11
1626512030065 0.5734443068504333 12
1626512035020 0.5694400072097778 13
1626512040091 0.5655910968780518 14
1626512044765 0.5619394779205322 15
1626512049306 0.5585755705833435 16
1626512054041 0.555408775806427 17
1626512059133 0.5524348020553589 18
1626512063952 0.5497264266014099 19
1626512068744 0.547198474407196 20
1626512073274 0.5447240471839905 21
1626512078284 0.5423595309257507 22
1626512083120 0.5401684641838074 23
1626512087763 0.5380599498748779 24
1626512091379 0.5360392928123474 25
1626512094293 0.5341549515724182 26
1626512097302 0.5323341488838196 27
1626512100249 0.5306662917137146 28
1626512103243 0.5290809869766235 29
1626512106285 0.5275498628616333 30
1626512109246 0.5260685086250305 31
1626512112310 0.5246545672416687 32
1626512115203 0.5233371257781982 33
1626512118159 0.5221353769302368 34
1626512121218 0.5208921432495117 35
1626512124096 0.5197456479072571 36
1626512127083 0.5187114477157593 37
1626512130116 0.5176004767417908 38
1626512133094 0.5166847705841064 39
1626512136103 0.515714168548584 40
1626512139063 0.5147808194160461 41
1626512142075 0.5139578580856323 42
1626512145073 0.5130736827850342 43
1626512148107 0.512316882610321 44
1626512151186 0.5115128755569458 45
1626512154142 0.510857343673706 46
1626512157154 0.5101723074913025 47
1626512160305 0.5095184445381165 48
1626512163428 0.5089601278305054 49
1626512166329 0.5083789229393005 50
1626512169184 0.5077939629554749 51
1626512172191 0.5073177814483643 52
1626512175208 0.5067822933197021 53
1626512178291 0.5062903165817261 54
1626512181223 0.505852997303009 55
1626512184217 0.5054401159286499 56
1626512187139 0.5049808025360107 57
1626512190059 0.5045742392539978 58
1626512193110 0.5042137503623962 59
1626512196198 0.5038554072380066 60
1626512199242 0.503454864025116 61
1626512202216 0.5031465888023376 62
1626512205248 0.502738356590271 63
1626512208200 0.502420961856842 64
1626512211335 0.5020796656608582 65
1626512214261 0.5016608834266663 66
1626512217401 0.5013486742973328 67
1626512220405 0.5009345412254333 68
1626512223452 0.5006182193756104 69
1626512226489 0.5002908706665039 70
1626512229474 0.49990329146385193 71
1626512232493 0.4995974898338318 72
1626512235460 0.49919453263282776 73
1626512238485 0.4988393485546112 74
1626512241379 0.5014908313751221 75
