1626511970750 0.5183486238532109 0
1626511975598 0.5682926829268293 1
1626511980728 0.6025974025974026 2
1626511985735 0.6160108548168248 3
1626511990527 0.6430594900849859 4
1626511995287 0.662739322533137 5
1626512000252 0.6716417910447762 6
1626512005109 0.6767830045523521 7
1626512010241 0.6861538461538462 8
1626512015247 0.6905132192846034 9
1626512019945 0.6905132192846034 10
1626512025022 0.6926677067082684 11
1626512030065 0.695924764890282 12
1626512035020 0.6979655712050079 13
1626512040091 0.7001569858712716 14
1626512044765 0.7034700315457414 15
1626512049306 0.711111111111111 16
1626512054041 0.712241653418124 17
1626512059133 0.7135999999999999 18
1626512063952 0.7181964573268922 19
1626512068744 0.7193548387096774 20
1626512073274 0.7263843648208469 21
1626512078284 0.7332242225859248 22
1626512083120 0.7364975450081833 23
1626512087763 0.7377049180327869 24
1626512091379 0.7389162561576355 25
1626512094293 0.740983606557377 26
1626512097302 0.740983606557377 27
1626512100249 0.7422003284072248 28
1626512103243 0.7458745874587458 29
1626512106285 0.747107438016529 30
1626512109246 0.7483443708609271 31
1626512112310 0.7495854063018242 32
1626512115203 0.7495854063018242 33
1626512118159 0.7495854063018242 34
1626512121218 0.7495854063018242 35
1626512124096 0.7508305647840531 36
1626512127083 0.7533333333333333 37
1626512130116 0.7533333333333333 38
1626512133094 0.7545909849749581 39
1626512136103 0.7545909849749581 40
1626512139063 0.7558528428093646 41
1626512142075 0.7591973244147158 42
1626512145073 0.7579298831385642 43
1626512148107 0.760469011725293 44
1626512151186 0.7630252100840337 45
1626512154142 0.7643097643097644 46
1626512157154 0.7643097643097644 47
1626512160305 0.7702702702702703 48
1626512163428 0.7702702702702703 49
1626512166329 0.7702702702702703 50
1626512169184 0.7702702702702703 51
1626512172191 0.7702702702702703 52
1626512175208 0.7702702702702703 53
1626512178291 0.7689713322091063 54
1626512181223 0.7689713322091063 55
1626512184217 0.7702702702702703 56
1626512187139 0.7715736040609137 57
1626512190059 0.7715736040609137 58
1626512193110 0.7715736040609137 59
1626512196198 0.7715736040609137 60
1626512199242 0.7715736040609137 61
1626512202216 0.7715736040609137 62
1626512205248 0.7728813559322033 63
1626512208200 0.7728813559322033 64
1626512211335 0.7728813559322033 65
1626512214261 0.7728813559322033 66
1626512217401 0.7728813559322033 67
1626512220405 0.7741935483870968 68
1626512223452 0.7741935483870968 69
1626512226489 0.7741935483870968 70
1626512229474 0.7768313458262351 71
1626512232493 0.7768313458262351 72
1626512235460 0.7768313458262351 73
1626512238485 0.7768313458262351 74
1626512241379 0.7728813559322033 75
