1626462579689 0 0
1626462582094 1 1
1626462584500 2 2
1626462586955 3 3
1626462589355 4 4
1626462591785 5 5
1626462594251 6 6
1626462596700 7 7
1626462599152 8 8
1626462601624 9 9
1626462604043 10 10
1626462606482 11 11
1626462608926 12 12
1626462611373 13 13
1626462613796 14 14
1626462616214 15 15
1626462618644 16 16
1626462621066 17 17
1626462623479 18 18
1626462625920 19 19
1626462628336 20 20
1626462630804 21 21
1626462633227 22 22
1626462635653 23 23
1626462638072 24 24
1626462640475 25 25
1626462642907 26 26
1626462645339 27 27
1626462647782 28 28
1626462650200 29 29
1626462652611 30 30
1626462731633 0 0
