1626462579689 0.6743713617324829 0
1626462582094 0.62042236328125 1
1626462584500 0.5858054757118225 2
1626462586955 0.5616095662117004 3
1626462589355 0.5445749163627625 4
1626462591785 0.5322805643081665 5
1626462594251 0.5228911638259888 6
1626462596700 0.5147000551223755 7
1626462599152 0.5071530342102051 8
1626462601624 0.5000773072242737 9
1626462604043 0.49344950914382935 10
1626462606482 0.48710161447525024 11
1626462608926 0.481219619512558 12
1626462611373 0.4758513569831848 13
1626462613796 0.47083693742752075 14
1626462616214 0.4661935567855835 15
1626462618644 0.4619673192501068 16
1626462621066 0.45805931091308594 17
1626462623479 0.45415645837783813 18
1626462625920 0.45045432448387146 19
1626462628336 0.4470025300979614 20
1626462630804 0.44370609521865845 21
1626462633227 0.4405556917190552 22
1626462635653 0.4375244081020355 23
1626462638072 0.43472397327423096 24
1626462640475 0.43189743161201477 25
1626462642907 0.4291074573993683 26
1626462645339 0.4262894093990326 27
1626462647782 0.42348453402519226 28
1626462650200 0.4206060767173767 29
1626462652611 0.42876070737838745 30
