1626462579689 0.48062015503875966 0
1626462582094 0.5655737704918034 1
1626462584500 0.6394849785407726 2
1626462586955 0.6709401709401709 3
1626462589355 0.6865671641791045 4
1626462591785 0.683982683982684 5
1626462594251 0.6997840172786178 6
1626462596700 0.7109207708779444 7
1626462599152 0.7327586206896551 8
1626462601624 0.7370689655172414 9
1626462604043 0.7467811158798283 10
1626462606482 0.7586206896551723 11
1626462608926 0.7678958785249457 12
1626462611373 0.7722342733188721 13
1626462613796 0.7792207792207793 14
1626462616214 0.7922912205567453 15
1626462618644 0.7982832618025751 16
1626462621066 0.8043010752688171 17
1626462623479 0.8103448275862069 18
1626462625920 0.8103448275862069 19
1626462628336 0.8103448275862069 20
1626462630804 0.8250539956803455 21
1626462633227 0.8268398268398269 22
1626462635653 0.8362068965517241 23
1626462638072 0.8362068965517241 24
1626462640475 0.8405172413793104 25
1626462642907 0.8509719222462203 26
1626462645339 0.8509719222462203 27
1626462647782 0.8577586206896552 28
1626462650200 0.8602150537634409 29
1626462652611 0.8509719222462203 30
