1626463794707 0 0
1626463797145 1 1
1626463799579 2 2
1626463802018 3 3
1626463804496 4 4
1626463806958 5 5
1626463809422 6 6
1626463811874 7 7
1626463814335 8 8
1626463816765 9 9
1626463819230 10 10
1626463821664 11 11
1626463824102 12 12
1626463826528 13 13
1626463828968 14 14
1626463831403 15 15
1626463833898 16 16
1626463836367 17 17
1626463839073 18 18
1626463841731 19 19
1626463844177 20 20
1626463846619 21 21
1626463849064 22 22
1626463851497 23 23
1626463854010 24 24
1626463856456 25 25
1626463858892 26 26
1626463861351 27 27
1626463863812 28 28
1626463866269 29 29
1626463868712 30 30
1626463871165 31 31
1626463873621 32 32
1626463876078 33 33
1626463878527 34 34
1626463881029 35 35
1626463883493 36 36
1626463885936 37 37
1626463888364 38 38
1626463890921 39 39
1626463893421 40 40
1626463895866 41 41
1626463898379 42 42
1626463900848 43 43
1626463903295 44 44
1626463905709 45 45
1626463908167 46 46
1626463910603 47 47
1626463913057 48 48
1626463915495 49 49
1626463917946 50 50
1626463920445 51 51
1626463923040 52 52
1626463925480 53 53
1626463927895 54 54
1626463930340 55 55
1626463932805 56 56
1626463935297 57 57
1626463937778 58 58
1626463940284 59 59
1626463942747 60 60
1626463945216 61 61
1626463947655 62 62
1626463950107 63 63
1626463952575 64 64
1626463955057 65 65
1626463957512 66 66
1626463959958 67 67
1626463962405 68 68
1626463964838 69 69
1626463967270 70 70
1626463969746 71 71
1626463972211 72 72
1626463974653 73 73
1626463977126 74 74
1626463979553 75 75
1626464169273 0 0
