1626463794707 0.7695439457893372 0
1626463797145 0.7090014219284058 1
1626463799579 0.6740877032279968 2
1626463802018 0.6537603735923767 3
1626463804496 0.6392489671707153 4
1626463806958 0.6268842220306396 5
1626463809422 0.6163372993469238 6
1626463811874 0.6076870560646057 7
1626463814335 0.6002160310745239 8
1626463816765 0.5936273336410522 9
1626463819230 0.5878486633300781 10
1626463821664 0.5826534628868103 11
1626463824102 0.577875018119812 12
1626463826528 0.573403537273407 13
1626463828968 0.5693184733390808 14
1626463831403 0.5655519962310791 15
1626463833898 0.5619697570800781 16
1626463836367 0.558617353439331 17
1626463839073 0.555496871471405 18
1626463841731 0.5525897145271301 19
1626463844177 0.5498262643814087 20
1626463846619 0.5471564531326294 21
1626463849064 0.5446234941482544 22
1626463851497 0.5422247052192688 23
1626463854010 0.5398892760276794 24
1626463856456 0.5376561880111694 25
1626463858892 0.5355051755905151 26
1626463861351 0.533401608467102 27
1626463863812 0.531457245349884 28
1626463866269 0.5296027660369873 29
1626463868712 0.5278351902961731 30
1626463871165 0.5261654257774353 31
1626463873621 0.5245956778526306 32
1626463876078 0.5231022238731384 33
1626463878527 0.5217059254646301 34
1626463881029 0.5203695893287659 35
1626463883493 0.5190507173538208 36
1626463885936 0.51787930727005 37
1626463888364 0.5166997909545898 38
1626463890921 0.515579879283905 39
1626463893421 0.5145559906959534 40
1626463895866 0.5135210752487183 41
1626463898379 0.512650191783905 42
1626463900848 0.5117050409317017 43
1626463903295 0.5108510255813599 44
1626463905709 0.5100711584091187 45
1626463908167 0.5092402696609497 46
1626463910603 0.5085161924362183 47
1626463913057 0.5078299641609192 48
1626463915495 0.507188618183136 49
1626463917946 0.5065256953239441 50
1626463920445 0.5059183835983276 51
1626463923040 0.5053874254226685 52
1626463925480 0.5048402547836304 53
1626463927895 0.5043566226959229 54
1626463930340 0.5038124322891235 55
1626463932805 0.5034207105636597 56
1626463935297 0.5029056072235107 57
1626463937778 0.5025482773780823 58
1626463940284 0.5021049380302429 59
1626463942747 0.501751184463501 60
1626463945216 0.5013683438301086 61
1626463947655 0.5009947419166565 62
1626463950107 0.5006612539291382 63
1626463952575 0.5002244114875793 64
1626463955057 0.4998762607574463 65
1626463957512 0.4995146691799164 66
1626463959958 0.49914273619651794 67
1626463962405 0.49883362650871277 68
1626463964838 0.498416543006897 69
1626463967270 0.49802011251449585 70
1626463969746 0.4976755380630493 71
1626463972211 0.4973132610321045 72
1626463974653 0.4970020353794098 73
1626463977126 0.4966338872909546 74
1626463979553 0.49928176403045654 75
