1626463794707 0.5257142857142857 0
1626463797145 0.5658536585365853 1
1626463799579 0.5964010282776349 2
1626463802018 0.6104417670682731 3
1626463804496 0.6230876216968011 4
1626463806958 0.6549707602339182 5
1626463809422 0.6676602086438153 6
1626463811874 0.6777609682299546 7
1626463814335 0.6871165644171779 8
1626463816765 0.6882716049382717 9
1626463819230 0.6904024767801857 10
1626463821664 0.6914728682170543 11
1626463824102 0.6914728682170543 12
1626463826528 0.6925465838509317 13
1626463828968 0.6967340590979783 14
1626463831403 0.704225352112676 15
1626463833898 0.7086614173228347 16
1626463836367 0.710691823899371 17
1626463839073 0.7169811320754716 18
1626463841731 0.7149606299212599 19
1626463844177 0.7149606299212599 20
1626463846619 0.7203791469194314 21
1626463849064 0.7215189873417722 22
1626463851497 0.7269841269841268 23
1626463854010 0.7301587301587302 24
1626463856456 0.7348242811501596 25
1626463858892 0.738362760834671 26
1626463861351 0.7395498392282958 27
1626463863812 0.7439613526570049 28
1626463866269 0.7487844408427877 29
1626463868712 0.7487844408427877 30
1626463871165 0.75 31
1626463873621 0.7524429967426711 32
1626463876078 0.7549019607843137 33
1626463878527 0.7549019607843137 34
1626463881029 0.7549019607843137 35
1626463883493 0.7573770491803278 36
1626463885936 0.7598684210526315 37
1626463888364 0.7611202635914334 38
1626463890921 0.7623762376237623 39
1626463893421 0.7623762376237623 40
1626463895866 0.7623762376237623 41
1626463898379 0.7611202635914334 42
1626463900848 0.7611202635914334 43
1626463903295 0.7623762376237623 44
1626463905709 0.763157894736842 45
1626463908167 0.7644151565074135 46
1626463910603 0.7644151565074135 47
1626463913057 0.7656765676567656 48
1626463915495 0.7656765676567656 49
1626463917946 0.7644151565074135 50
1626463920445 0.763157894736842 51
1626463923040 0.763157894736842 52
1626463925480 0.763157894736842 53
1626463927895 0.7644151565074135 54
1626463930340 0.7656765676567656 55
1626463932805 0.7656765676567656 56
1626463935297 0.7656765676567656 57
1626463937778 0.7669421487603304 58
1626463940284 0.7669421487603304 59
1626463942747 0.7669421487603304 60
1626463945216 0.7669421487603304 61
1626463947655 0.7682119205298015 62
1626463950107 0.7669421487603304 63
1626463952575 0.7682119205298015 64
1626463955057 0.7682119205298015 65
1626463957512 0.7694859038142621 66
1626463959958 0.7694859038142621 67
1626463962405 0.7694859038142621 68
1626463964838 0.7694859038142621 69
1626463967270 0.7720465890183028 70
1626463969746 0.7720465890183028 71
1626463972211 0.7733333333333333 72
1626463974653 0.7733333333333333 73
1626463977126 0.7733333333333333 74
1626463979553 0.7694859038142621 75
