1626464421417 0 0
1626464423873 1 1
1626464426302 2 2
1626464428747 3 3
1626464431167 4 4
1626464433651 5 5
1626464436108 6 6
1626464438535 7 7
1626464440984 8 8
1626464443434 9 9
1626464445853 10 10
1626464448281 11 11
1626464450724 12 12
1626464453182 13 13
1626464455619 14 14
1626464458089 15 15
1626464460512 16 16
1626464462966 17 17
1626464465422 18 18
1626464467846 19 19
1626464470269 20 20
1626464472685 21 21
1626464475119 22 22
1626464477543 23 23
1626464479971 24 24
1626464482458 25 25
1626464484903 26 26
1626464487398 27 27
1626464489867 28 28
1626464492300 29 29
1626464494743 30 30
1626464497181 31 31
1626464499616 32 32
1626464502044 33 33
1626464504481 34 34
1626464506917 35 35
1626464509365 36 36
1626464512389 37 37
1626471319621 38 38
1626471329328 39 39
1626471336017 40 40
1626471338595 41 41
1626471345370 42 42
1626471351908 43 43
1626471354658 44 44
1626471361253 45 45
1626471367360 46 46
1626471370476 47 47
1626471376902 48 48
1626471380577 49 49
1626471385761 50 50
1626471392236 51 51
1626471394810 52 52
1626471401355 53 53
1626471407565 54 54
1626471412518 55 55
1626471418301 56 56
1626471424479 57 57
1626471429858 58 58
1626471435282 59 59
1626471441475 60 60
1626471447756 61 61
1626471453558 62 62
1626471460774 63 63
1626471466938 64 64
1626471472784 65 65
1626471479487 66 66
1626471483220 67 67
1626509049749 68 68
1626509062066 69 69
1626509069211 70 70
1626509076966 71 71
1626509083364 72 72
1626509088012 73 73
1626509095707 74 74
1626509102791 75 75
1626509106240 76 76
1626509113197 77 77
1626509120209 78 78
1626509125554 79 79
1626509129452 80 80
1626509135847 81 81
1626509138371 82 82
1626509146681 83 83
1626509152148 84 84
1626509157571 85 85
1626509163791 86 86
1626509170937 87 87
1626509178750 88 88
1626509187398 89 89
1626509194369 90 90
1626509199584 91 91
1626509207377 92 92
1626509213876 93 93
1626509219813 94 94
1626509226995 95 95
1626509233067 96 96
1626509238790 97 97
1626509243714 98 98
1626509249477 99 99
1626509253350 100 100
1626509263016 0 0
