1626464421417 0.887413740158081 0
1626464423873 0.7575275301933289 1
1626464426302 0.6986870765686035 2
1626464428747 0.6662516593933105 3
1626464431167 0.6410240530967712 4
1626464433651 0.61885005235672 5
1626464436108 0.6010993719100952 6
1626464438535 0.5868277549743652 7
1626464440984 0.574782133102417 8
1626464443434 0.5631215572357178 9
1626464445853 0.5520313382148743 10
1626464448281 0.5416436791419983 11
1626464450724 0.53199702501297 12
1626464453182 0.5233373641967773 13
1626464455619 0.5153774619102478 14
1626464458089 0.5081667900085449 15
1626464460512 0.5014978647232056 16
1626464462966 0.495061457157135 17
1626464465422 0.4892078638076782 18
1626464467846 0.4835678040981293 19
1626464470269 0.47822993993759155 20
1626464472685 0.4732988774776459 21
1626464475119 0.46850281953811646 22
1626464477543 0.46375492215156555 23
1626464479971 0.45944926142692566 24
1626464482458 0.4554022550582886 25
1626464484903 0.45155030488967896 26
1626464487398 0.44812193512916565 27
1626464489867 0.44473016262054443 28
1626464492300 0.4416440725326538 29
1626464494743 0.4387233853340149 30
1626464497181 0.435917466878891 31
1626464499616 0.4332290291786194 32
1626464502044 0.43070337176322937 33
1626464504481 0.4282795488834381 34
1626464506917 0.4260661005973816 35
1626464509365 0.42405402660369873 36
1626464512389 0.4220523536205292 37
1626471319621 0.4201866090297699 38
1626471329328 0.4184797704219818 39
1626471336017 0.416801780462265 40
1626471338595 0.41521650552749634 41
1626471345370 0.4137224853038788 42
1626471351908 0.4123813509941101 43
1626471354658 0.4111582934856415 44
1626471361253 0.40990862250328064 45
1626471367360 0.4087766110897064 46
1626471370476 0.4077334702014923 47
1626471376902 0.40668779611587524 48
1626471380577 0.4057389199733734 49
1626471385761 0.4047415256500244 50
1626471392236 0.40394067764282227 51
1626471394810 0.4031287729740143 52
1626471401355 0.4024302363395691 53
1626471407565 0.4016360640525818 54
1626471412518 0.40097475051879883 55
1626471418301 0.4003365635871887 56
1626471424479 0.39969927072525024 57
1626471429858 0.399073988199234 58
1626471435282 0.3985236585140228 59
1626471441475 0.39808639883995056 60
1626471447756 0.39755213260650635 61
1626471453558 0.3970835506916046 62
1626471460774 0.39658910036087036 63
1626471466938 0.3961936831474304 64
1626471472784 0.3958088755607605 65
1626471479487 0.39543598890304565 66
1626471483220 0.3950307369232178 67
1626509049749 0.394739031791687 68
1626509062066 0.3943566679954529 69
1626509069211 0.39405131340026855 70
1626509076966 0.393825888633728 71
1626509083364 0.3935551643371582 72
1626509088012 0.39331144094467163 73
1626509095707 0.39306119084358215 74
1626509102791 0.3928029239177704 75
1626509106240 0.39261817932128906 76
1626509113197 0.39234793186187744 77
1626509120209 0.39216694235801697 78
1626509125554 0.39192861318588257 79
1626509129452 0.3917483985424042 80
1626509135847 0.39157864451408386 81
1626509138371 0.3913686275482178 82
1626509146681 0.39121654629707336 83
1626509152148 0.391042560338974 84
1626509157571 0.3908735513687134 85
1626509163791 0.3906683325767517 86
1626509170937 0.390474796295166 87
1626509178750 0.39027848839759827 88
1626509187398 0.3901177644729614 89
1626509194369 0.3899402320384979 90
1626509199584 0.3897489905357361 91
1626509207377 0.38955917954444885 92
1626509213876 0.38933128118515015 93
1626509219813 0.3891673684120178 94
1626509226995 0.3890393078327179 95
1626509233067 0.3888533115386963 96
1626509238790 0.38868507742881775 97
1626509243714 0.38849499821662903 98
1626509249477 0.3882388770580292 99
1626509253350 0.3900892734527588 100
