1626464421417 0.4472361809045226 0
1626464423873 0.5228113440197287 1
1626464426302 0.5717916137229986 2
1626464428747 0.5966277561608302 3
1626464431167 0.6201342281879194 4
1626464433651 0.6516853932584269 5
1626464436108 0.6753246753246753 6
1626464438535 0.6992592592592592 7
1626464440984 0.7085201793721974 8
1626464443434 0.712781954887218 9
1626464445853 0.7149321266968326 10
1626464448281 0.723404255319149 11
1626464450724 0.7308868501529052 12
1626464453182 0.7422360248447205 13
1626464455619 0.7488151658767772 14
1626464458089 0.7620578778135049 15
1626464460512 0.7689822294022617 16
1626464462966 0.7752442996742671 17
1626464465422 0.7765089722675367 18
1626464467846 0.780327868852459 19
1626464470269 0.7841845140032948 20
1626464472685 0.7893864013266999 21
1626464475119 0.7933333333333333 22
1626464477543 0.7973199329983249 23
1626464479971 0.7986577181208053 24
1626464482458 0.7986577181208053 25
1626464484903 0.8013468013468013 26
1626464487398 0.8026981450252951 27
1626464489867 0.8095238095238095 28
1626464492300 0.8095238095238095 29
1626464494743 0.8109028960817718 30
1626464497181 0.8136752136752138 31
1626464499616 0.8192771084337349 32
1626464502044 0.8192771084337349 33
1626464504481 0.8235294117647058 34
1626464506917 0.8249566724436742 35
1626464509365 0.826388888888889 36
1626464512389 0.8307155322862129 37
1626471319621 0.8321678321678322 38
1626471329328 0.8350877192982457 39
1626471336017 0.8380281690140845 40
1626471338595 0.8380281690140845 41
1626471345370 0.8424778761061947 42
1626471351908 0.8439716312056738 43
1626471354658 0.8454706927175843 44
1626471361253 0.8454706927175843 45
1626471367360 0.8454706927175843 46
1626471370476 0.8454706927175843 47
1626471376902 0.8454706927175843 48
1626471380577 0.8454706927175843 49
1626471385761 0.8454706927175843 50
1626471392236 0.8469750889679716 51
1626471394810 0.8484848484848486 52
1626471401355 0.85 53
1626471407565 0.85 54
1626471412518 0.8515205724508049 55
1626471418301 0.8515205724508049 56
1626471424479 0.8515205724508049 57
1626471429858 0.8515205724508049 58
1626471435282 0.855098389982111 59
1626471441475 0.855098389982111 60
1626471447756 0.855098389982111 61
1626471453558 0.855098389982111 62
1626471460774 0.8571428571428572 63
1626471466938 0.8586762075134169 64
1626471472784 0.8586762075134169 65
1626471479487 0.8586762075134169 66
1626471483220 0.8602150537634409 67
1626509049749 0.8602150537634409 68
1626509062066 0.8602150537634409 69
1626509069211 0.8602150537634409 70
1626509076966 0.8602150537634409 71
1626509083364 0.8602150537634409 72
1626509088012 0.8602150537634409 73
1626509095707 0.8602150537634409 74
1626509102791 0.8602150537634409 75
1626509106240 0.8602150537634409 76
1626509113197 0.8617594254937163 77
1626509120209 0.8602150537634409 78
1626509125554 0.8617594254937163 79
1626509129452 0.8602150537634409 80
1626509135847 0.8617594254937163 81
1626509138371 0.8633093525179856 82
1626509146681 0.8633093525179856 83
1626509152148 0.8633093525179856 84
1626509157571 0.8633093525179856 85
1626509163791 0.8633093525179856 86
1626509170937 0.8633093525179856 87
1626509178750 0.8633093525179856 88
1626509187398 0.8633093525179856 89
1626509194369 0.8633093525179856 90
1626509199584 0.8648648648648649 91
1626509207377 0.8648648648648649 92
1626509213876 0.8648648648648649 93
1626509219813 0.8648648648648649 94
1626509226995 0.8648648648648649 95
1626509233067 0.8648648648648649 96
1626509238790 0.8648648648648649 97
1626509243714 0.8648648648648649 98
1626509249477 0.8648648648648649 99
1626509253350 0.8633093525179856 100
