1626463632220 0 0
1626463634775 1 1
1626463637225 2 2
1626463640046 3 3
1626463642669 4 4
1626463645095 5 5
1626463647518 6 6
1626463649958 7 7
1626463652473 8 8
1626463654926 9 9
1626463657360 10 10
1626463659800 11 11
1626463662242 12 12
1626463664719 13 13
1626463667172 14 14
1626463669619 15 15
1626463672050 16 16
1626463674501 17 17
1626463676966 18 18
1626463679419 19 19
1626463681885 20 20
1626463684344 21 21
1626463686781 22 22
1626463689639 23 23
1626463692795 24 24
1626463695813 25 25
1626463698398 26 26
1626463700845 27 27
1626463703322 28 28
1626463705776 29 29
1626463708229 30 30
1626463789676 0 0
