1626463632220 0.667988121509552 0
1626463634775 0.6028392910957336 1
1626463637225 0.5600746273994446 2
1626463640046 0.5311012268066406 3
1626463642669 0.5108760595321655 4
1626463645095 0.4963870048522949 5
1626463647518 0.48453205823898315 6
1626463649958 0.47476527094841003 7
1626463652473 0.4662049412727356 8
1626463654926 0.4585050046443939 9
1626463657360 0.45168885588645935 10
1626463659800 0.4454835057258606 11
1626463662242 0.43963906168937683 12
1626463664719 0.4342760443687439 13
1626463667172 0.4293949604034424 14
1626463669619 0.42470982670783997 15
1626463672050 0.4203765392303467 16
1626463674501 0.4163096845149994 17
1626463676966 0.41254761815071106 18
1626463679419 0.40905240178108215 19
1626463681885 0.40580156445503235 20
1626463684344 0.40262675285339355 21
1626463686781 0.39960750937461853 22
1626463689639 0.3966830372810364 23
1626463692795 0.39393070340156555 24
1626463695813 0.3912431299686432 25
1626463698398 0.3885478079319 26
1626463700845 0.38592666387557983 27
1626463703322 0.3834265470504761 28
1626463705776 0.3809634745121002 29
1626463708229 0.38825735449790955 30
