1626463632220 0.1979522184300341 0
1626463634775 0.2996742671009772 1
1626463637225 0.36990595611285265 2
1626463640046 0.47507331378299117 3
1626463642669 0.5322128851540615 4
1626463645095 0.5706521739130435 5
1626463647518 0.5828877005347594 6
1626463649958 0.6015831134564644 7
1626463652473 0.6121372031662269 8
1626463654926 0.6302083333333333 9
1626463657360 0.6302083333333333 10
1626463659800 0.6443298969072165 11
1626463662242 0.6632653061224489 12
1626463664719 0.6734177215189875 13
1626463667172 0.6766917293233083 14
1626463669619 0.684863523573201 15
1626463672050 0.6930693069306931 16
1626463674501 0.6962962962962963 17
1626463676966 0.7058823529411764 18
1626463679419 0.7121951219512195 19
1626463681885 0.7268292682926829 20
1626463684344 0.7317073170731706 21
1626463686781 0.7378640776699028 22
1626463689639 0.7409200968523002 23
1626463692795 0.7427184466019416 24
1626463695813 0.7427184466019416 25
1626463698398 0.7475728155339807 26
1626463700845 0.7566265060240964 27
1626463703322 0.7596153846153845 28
1626463705776 0.7614457831325301 29
1626463708229 0.7475728155339807 30
