1626511046686 0 0
1626511051158 1 1
1626511056010 2 2
1626511061253 3 3
1626511066092 4 4
1626511071215 5 5
1626511076152 6 6
1626511080672 7 7
1626511085819 8 8
1626511090529 9 9
1626511095503 10 10
1626511100293 11 11
1626511105511 12 12
1626511110228 13 13
1626511116254 14 14
1626511122350 15 15
1626511128352 16 16
1626511134231 17 17
1626511140031 18 18
1626511146398 19 19
1626511152434 20 20
1626511159397 21 21
1626511165562 22 22
1626511171609 23 23
1626511177948 24 24
1626511184699 25 25
1626511190596 26 26
1626511196557 27 27
1626511202470 28 28
1626511208740 29 29
1626511215097 30 30
1626511221196 31 31
1626511227231 32 32
1626511233563 33 33
1626511239792 34 34
1626511245612 35 35
1626511251724 36 36
1626511257756 37 37
1626511263733 38 38
1626511269617 39 39
1626511275726 40 40
1626511281915 41 41
1626511288039 42 42
1626511294291 43 43
1626511300296 44 44
1626511306349 45 45
1626511312353 46 46
1626511318528 47 47
1626511324648 48 48
1626511330851 49 49
1626511336897 50 50
1626511343043 51 51
1626511348973 52 52
1626511354761 53 53
1626511360864 54 54
1626511366856 55 55
1626511373181 56 56
1626511379318 57 57
1626511385478 58 58
1626511391489 59 59
1626511397572 60 60
1626511403752 61 61
1626511409626 62 62
1626511415770 63 63
1626511422274 64 64
1626511428387 65 65
1626511434529 66 66
1626511440635 67 67
1626511446402 68 68
1626511452626 69 69
1626511458298 70 70
1626511463887 71 71
1626511469801 72 72
1626511475766 73 73
1626511482090 74 74
1626511488337 75 75
1626511494067 76 76
1626511500322 77 77
1626511506840 78 78
1626511512836 79 79
1626511518811 80 80
1626511525048 81 81
1626511531110 82 82
1626511537229 83 83
1626511543188 84 84
1626511549356 85 85
1626511555939 86 86
1626511562267 87 87
1626511568230 88 88
1626511574286 89 89
1626511580459 90 90
1626511586681 91 91
1626511592713 92 92
1626511598500 93 93
1626511603529 94 94
1626511608398 95 95
1626511613177 96 96
1626511617744 97 97
1626511622544 98 98
1626511627359 99 99
1626511632541 100 100
1626511643083 0 0
