1626511046686 0.889797031879425 0
1626511051158 0.7598695158958435 1
1626511056010 0.7011425495147705 2
1626511061253 0.6694409251213074 3
1626511066092 0.645523190498352 4
1626511071215 0.6247217655181885 5
1626511076152 0.6068121194839478 6
1626511080672 0.5908992290496826 7
1626511085819 0.5772393345832825 8
1626511090529 0.5648669600486755 9
1626511095503 0.5535405278205872 10
1626511100293 0.5426580905914307 11
1626511105511 0.532514750957489 12
1626511110228 0.5232451558113098 13
1626511116254 0.5152490139007568 14
1626511122350 0.5081658959388733 15
1626511128352 0.5017932057380676 16
1626511134231 0.4956388473510742 17
1626511140031 0.4897415041923523 18
1626511146398 0.484301894903183 19
1626511152434 0.4791657626628876 20
1626511159397 0.474202960729599 21
1626511165562 0.4695691168308258 22
1626511171609 0.4652692377567291 23
1626511177948 0.4611772298812866 24
1626511184699 0.4570314288139343 25
1626511190596 0.45327264070510864 26
1626511196557 0.4496583938598633 27
1626511202470 0.44622620940208435 28
1626511208740 0.44301852583885193 29
1626511215097 0.4399901330471039 30
1626511221196 0.4370036721229553 31
1626511227231 0.43424156308174133 32
1626511233563 0.43159571290016174 33
1626511239792 0.4292246997356415 34
1626511245612 0.4268856644630432 35
1626511251724 0.4246399402618408 36
1626511257756 0.42253822088241577 37
1626511263733 0.420632928609848 38
1626511269617 0.41884398460388184 39
1626511275726 0.4171159267425537 40
1626511281915 0.415439248085022 41
1626511288039 0.4138711392879486 42
1626511294291 0.41248711943626404 43
1626511300296 0.41107675433158875 44
1626511306349 0.40976282954216003 45
1626511312353 0.4085046648979187 46
1626511318528 0.407316118478775 47
1626511324648 0.4061470031738281 48
1626511330851 0.40518635511398315 49
1626511336897 0.404182106256485 50
1626511343043 0.40326422452926636 51
1626511348973 0.40242907404899597 52
1626511354761 0.4015620946884155 53
1626511360864 0.40077999234199524 54
1626511366856 0.40003639459609985 55
1626511373181 0.39931121468544006 56
1626511379318 0.3986530601978302 57
1626511385478 0.3980129063129425 58
1626511391489 0.39739611744880676 59
1626511397572 0.3968007266521454 60
1626511403752 0.3962657153606415 61
1626511409626 0.39574161171913147 62
1626511415770 0.39533084630966187 63
1626511422274 0.3948865532875061 64
1626511428387 0.394405722618103 65
1626511434529 0.3940171003341675 66
1626511440635 0.3936814069747925 67
1626511446402 0.3932496905326843 68
1626511452626 0.39294669032096863 69
1626511458298 0.39266976714134216 70
1626511463887 0.3923298716545105 71
1626511469801 0.3919646739959717 72
1626511475766 0.3917120695114136 73
1626511482090 0.3914704918861389 74
1626511488337 0.3912447988986969 75
1626511494067 0.39099201560020447 76
1626511500322 0.3907772898674011 77
1626511506840 0.3905794322490692 78
1626511512836 0.3903757333755493 79
1626511518811 0.39019739627838135 80
1626511525048 0.39003345370292664 81
1626511531110 0.3897731602191925 82
1626511537229 0.389532208442688 83
1626511543188 0.3893745243549347 84
1626511549356 0.38922250270843506 85
1626511555939 0.38904523849487305 86
1626511562267 0.3888968527317047 87
1626511568230 0.38872143626213074 88
1626511574286 0.38851702213287354 89
1626511580459 0.38831883668899536 90
1626511586681 0.3881632685661316 91
1626511592713 0.3879491686820984 92
1626511598500 0.38779839873313904 93
1626511603529 0.3876146674156189 94
1626511608398 0.3873741626739502 95
1626511613177 0.38718387484550476 96
1626511617744 0.3869834840297699 97
1626511622544 0.3867984116077423 98
1626511627359 0.3866438567638397 99
1626511632541 0.3885180950164795 100
