1626511046686 0.4354430379746836 0
1626511051158 0.5179677819083024 1
1626511056010 0.5667090216010164 2
1626511061253 0.5906735751295337 3
1626511066092 0.6162162162162163 4
1626511071215 0.6469760900140646 5
1626511076152 0.6705202312138729 6
1626511080672 0.6883308714918758 7
1626511085819 0.706766917293233 8
1626511090529 0.7145038167938932 9
1626511095503 0.7155963302752294 10
1626511100293 0.7298136645962732 11
1626511105511 0.7405063291139241 12
1626511110228 0.7476038338658145 13
1626511116254 0.7560581583198707 14
1626511122350 0.762214983713355 15
1626511128352 0.7697368421052632 16
1626511134231 0.7807308970099669 17
1626511140031 0.7820299500831946 18
1626511146398 0.7919463087248322 19
1626511152434 0.7919463087248322 20
1626511159397 0.7932773109243697 21
1626511165562 0.7966386554621847 22
1626511171609 0.8033898305084747 23
1626511177948 0.8116438356164384 24
1626511184699 0.8172413793103448 25
1626511190596 0.8214904679376083 26
1626511196557 0.8214904679376083 27
1626511202470 0.8214904679376083 28
1626511208740 0.8214904679376083 29
1626511215097 0.8229166666666666 30
1626511221196 0.8286713286713288 31
1626511227231 0.8315789473684211 32
1626511233563 0.834507042253521 33
1626511239792 0.8380281690140845 34
1626511245612 0.8400702987697716 35
1626511251724 0.8415492957746478 36
1626511257756 0.8475177304964538 37
1626511263733 0.8505338078291815 38
1626511269617 0.8505338078291815 39
1626511275726 0.855098389982111 40
1626511281915 0.855098389982111 41
1626511288039 0.85663082437276 42
1626511294291 0.85663082437276 43
1626511300296 0.85663082437276 44
1626511306349 0.85663082437276 45
1626511312353 0.8597122302158273 46
1626511318528 0.8597122302158273 47
1626511324648 0.8597122302158273 48
1626511330851 0.8597122302158273 49
1626511336897 0.8597122302158273 50
1626511343043 0.8597122302158273 51
1626511348973 0.8597122302158273 52
1626511354761 0.8612612612612612 53
1626511360864 0.8612612612612612 54
1626511366856 0.8612612612612612 55
1626511373181 0.8612612612612612 56
1626511379318 0.8643761301989151 57
1626511385478 0.8643761301989151 58
1626511391489 0.8643761301989151 59
1626511397572 0.8643761301989151 60
1626511403752 0.8643761301989151 61
1626511409626 0.8659420289855072 62
1626511415770 0.8659420289855072 63
1626511422274 0.8659420289855072 64
1626511428387 0.8659420289855072 65
1626511434529 0.8659420289855072 66
1626511440635 0.8659420289855072 67
1626511446402 0.8659420289855072 68
1626511452626 0.8659420289855072 69
1626511458298 0.8659420289855072 70
1626511463887 0.8659420289855072 71
1626511469801 0.8675136116152451 72
1626511475766 0.8675136116152451 73
1626511482090 0.8675136116152451 74
1626511488337 0.8675136116152451 75
1626511494067 0.8675136116152451 76
1626511500322 0.8675136116152451 77
1626511506840 0.8675136116152451 78
1626511512836 0.8675136116152451 79
1626511518811 0.8675136116152451 80
1626511525048 0.8690909090909091 81
1626511531110 0.8690909090909091 82
1626511537229 0.8706739526411658 83
1626511543188 0.8706739526411658 84
1626511549356 0.8706739526411658 85
1626511555939 0.8722627737226277 86
1626511562267 0.8722627737226277 87
1626511568230 0.8722627737226277 88
1626511574286 0.8722627737226277 89
1626511580459 0.8722627737226277 90
1626511586681 0.8722627737226277 91
1626511592713 0.8738574040219379 92
1626511598500 0.8738574040219379 93
1626511603529 0.8738574040219379 94
1626511608398 0.8738574040219379 95
1626511613177 0.8738574040219379 96
1626511617744 0.8738574040219379 97
1626511622544 0.8738574040219379 98
1626511627359 0.8738574040219379 99
1626511632541 0.8722627737226277 100
