1626511648522 0 0
1626511652990 1 1
1626511657896 2 2
1626511663077 3 3
1626511668240 4 4
1626511673322 5 5
1626511678261 6 6
1626511683369 7 7
1626511688517 8 8
1626511693784 9 9
1626511698736 10 10
1626511703904 11 11
1626511708716 12 12
1626511713802 13 13
1626511718880 14 14
1626511724050 15 15
1626511728975 16 16
1626511734109 17 17
1626511739329 18 18
1626511744382 19 19
1626511749172 20 20
1626511754252 21 21
1626511759395 22 22
1626511764244 23 23
1626511769310 24 24
1626511774488 25 25
1626511779427 26 26
1626511784299 27 27
1626511789287 28 28
1626511794534 29 29
1626511799516 30 30
1626511960692 0 0
