1626511648522 0.6664445400238037 0
1626511652990 0.601151168346405 1
1626511657896 0.5583727359771729 2
1626511663077 0.5308020710945129 3
1626511668240 0.5123227834701538 4
1626511673322 0.49898484349250793 5
1626511678261 0.4882867634296417 6
1626511683369 0.4789687395095825 7
1626511688517 0.4704548418521881 8
1626511693784 0.4626922309398651 9
1626511698736 0.4556385278701782 10
1626511703904 0.4490710496902466 11
1626511708716 0.44293954968452454 12
1626511713802 0.4374757409095764 13
1626511718880 0.4322569966316223 14
1626511724050 0.42751258611679077 15
1626511728975 0.423088401556015 16
1626511734109 0.4188995957374573 17
1626511739329 0.41498398780822754 18
1626511744382 0.41130656003952026 19
1626511749172 0.40774160623550415 20
1626511754252 0.40448394417762756 21
1626511759395 0.4014413058757782 22
1626511764244 0.39852917194366455 23
1626511769310 0.3957099914550781 24
1626511774488 0.39291590452194214 25
1626511779427 0.39004480838775635 26
1626511784299 0.38729968667030334 27
1626511789287 0.3845371603965759 28
1626511794534 0.3818104565143585 29
1626511799516 0.3897324502468109 30
