1626511648522 0.2033898305084746 0
1626511652990 0.29605263157894735 1
1626511657896 0.3785488958990536 2
1626511663077 0.45833333333333326 3
1626511668240 0.5014245014245015 4
1626511673322 0.5706521739130435 5
1626511678261 0.5797872340425532 6
1626511683369 0.6089238845144357 7
1626511688517 0.6321243523316062 8
1626511693784 0.6443298969072165 9
1626511698736 0.6461538461538462 10
1626511703904 0.6531645569620254 11
1626511708716 0.67 12
1626511713802 0.67 13
1626511718880 0.6749379652605458 14
1626511724050 0.6879606879606881 15
1626511728975 0.6960784313725492 16
1626511734109 0.705596107055961 17
1626511739329 0.7070217917675545 18
1626511744382 0.7129186602870814 19
1626511749172 0.7146282973621103 20
1626511754252 0.7194244604316546 21
1626511759395 0.7259615384615384 22
1626511764244 0.7380952380952381 23
1626511769310 0.7410926365795725 24
1626511774488 0.7476190476190476 25
1626511779427 0.7553444180522565 26
1626511784299 0.7659574468085106 27
1626511789287 0.7630331753554502 28
1626511794534 0.7677725118483414 29
1626511799516 0.7600950118764845 30
