1626463982125 0 0
1626463984592 1 1
1626463987034 2 2
1626463989499 3 3
1626463991982 4 4
1626463994435 5 5
1626463996882 6 6
1626463999331 7 7
1626464001760 8 8
1626464004196 9 9
1626464006628 10 10
1626464009078 11 11
1626464011530 12 12
1626464013982 13 13
1626464016419 14 14
1626464018850 15 15
1626464021284 16 16
1626464023752 17 17
1626464026180 18 18
1626464028631 19 19
1626464031068 20 20
1626464033528 21 21
1626464035974 22 22
1626464038403 23 23
1626464040846 24 24
1626464043338 25 25
1626464045770 26 26
1626464048229 27 27
1626464050664 28 28
1626464053124 29 29
1626464055584 30 30
1626464058028 31 31
1626464060454 32 32
1626464062918 33 33
1626464065347 34 34
1626464067826 35 35
1626464070320 36 36
1626464072775 37 37
1626464075211 38 38
1626464077731 39 39
1626464080176 40 40
1626464083140 41 41
1626464085825 42 42
1626464088363 43 43
1626464090809 44 44
1626464093286 45 45
1626464095820 46 46
1626464098264 47 47
1626464100738 48 48
1626464103224 49 49
1626464105674 50 50
1626464108092 51 51
1626464110530 52 52
1626464112976 53 53
1626464115424 54 54
1626464117848 55 55
1626464120299 56 56
1626464122737 57 57
1626464125179 58 58
1626464127618 59 59
1626464130047 60 60
1626464132494 61 61
1626464134935 62 62
1626464137374 63 63
1626464139819 64 64
1626464142258 65 65
1626464144679 66 66
1626464147125 67 67
1626464149572 68 68
1626464152058 69 69
1626464154511 70 70
1626464156948 71 71
1626464159400 72 72
1626464161857 73 73
1626464164328 74 74
1626464166770 75 75
1626464171746 0 0
