1626463982125 0.7144394516944885 0
1626463984592 0.586198627948761 1
1626463987034 0.5319607853889465 2
1626463989499 0.5041521787643433 3
1626463991982 0.48427775502204895 4
1626463994435 0.4686773121356964 5
1626463996882 0.4557192623615265 6
1626463999331 0.44492658972740173 7
1626464001760 0.43581074476242065 8
1626464004196 0.42795589566230774 9
1626464006628 0.42088741064071655 10
1626464009078 0.4143039584159851 11
1626464011530 0.40864861011505127 12
1626464013982 0.4032168388366699 13
1626464016419 0.39812707901000977 14
1626464018850 0.39365625381469727 15
1626464021284 0.3893612027168274 16
1626464023752 0.3851999342441559 17
1626464026180 0.3812478482723236 18
1626464028631 0.3776364326477051 19
1626464031068 0.37424376606941223 20
1626464033528 0.37105587124824524 21
1626464035974 0.36810165643692017 22
1626464038403 0.3652995228767395 23
1626464040846 0.3628252446651459 24
1626464043338 0.3603689968585968 25
1626464045770 0.3580937385559082 26
1626464048229 0.3560616970062256 27
1626464050664 0.3541426360607147 28
1626464053124 0.35232436656951904 29
1626464055584 0.3506810665130615 30
1626464058028 0.34908056259155273 31
1626464060454 0.34757834672927856 32
1626464062918 0.3462029695510864 33
1626464065347 0.34487786889076233 34
1626464067826 0.34366506338119507 35
1626464070320 0.34251829981803894 36
1626464072775 0.3414909541606903 37
1626464075211 0.3404688537120819 38
1626464077731 0.33949336409568787 39
1626464080176 0.33859720826148987 40
1626464083140 0.33770951628685 41
1626464085825 0.3368922472000122 42
1626464088363 0.3361580967903137 43
1626464090809 0.3354228138923645 44
1626464093286 0.33477070927619934 45
1626464095820 0.3341030478477478 46
1626464098264 0.33352604508399963 47
1626464100738 0.332971453666687 48
1626464103224 0.33244648575782776 49
1626464105674 0.33196786046028137 50
1626464108092 0.33145982027053833 51
1626464110530 0.3310568928718567 52
1626464112976 0.33065757155418396 53
1626464115424 0.33020514249801636 54
1626464117848 0.32985737919807434 55
1626464120299 0.32948365807533264 56
1626464122737 0.3291676342487335 57
1626464125179 0.32878798246383667 58
1626464127618 0.3284943103790283 59
1626464130047 0.3281956613063812 60
1626464132494 0.3279253840446472 61
1626464134935 0.32759636640548706 62
1626464137374 0.32735008001327515 63
1626464139819 0.32707318663597107 64
1626464142258 0.3268023729324341 65
1626464144679 0.32650795578956604 66
1626464147125 0.32619377970695496 67
1626464149572 0.32593294978141785 68
1626464152058 0.32569190859794617 69
1626464154511 0.32542920112609863 70
1626464156948 0.32510459423065186 71
1626464159400 0.32486337423324585 72
1626464161857 0.32459089159965515 73
1626464164328 0.32433074712753296 74
1626464166770 0.3262922763824463 75
