1626463982125 0.016194331983805665 0
1626463984592 0.17164179104477612 1
1626463987034 0.26241134751773054 2
1626463989499 0.37748344370860926 3
1626463991982 0.419047619047619 4
1626463994435 0.48170731707317066 5
1626463996882 0.543859649122807 6
1626463999331 0.5606936416184971 7
1626464001760 0.5875706214689266 8
1626464004196 0.6204986149584488 9
1626464006628 0.6448087431693988 10
1626464009078 0.659400544959128 11
1626464011530 0.6809651474530831 12
1626464013982 0.6949602122015914 13
1626464016419 0.7105263157894737 14
1626464018850 0.7253886010362695 15
1626464021284 0.7480916030534351 16
1626464023752 0.7575757575757576 17
1626464026180 0.7645569620253164 18
1626464028631 0.7707808564231736 19
1626464031068 0.7830423940149625 20
1626464033528 0.797029702970297 21
1626464035974 0.8117359413202934 22
1626464038403 0.8146341463414634 23
1626464040846 0.8232445520581113 24
1626464043338 0.8289156626506025 25
1626464045770 0.8289156626506025 26
1626464048229 0.8400954653937948 27
1626464050664 0.8421052631578948 28
1626464053124 0.8421052631578948 29
1626464055584 0.8448687350835323 30
1626464058028 0.8476190476190476 31
1626464060454 0.8476190476190476 32
1626464062918 0.8496420047732697 33
1626464065347 0.8523809523809524 34
1626464067826 0.8523809523809524 35
1626464070320 0.8605200945626478 36
1626464072775 0.8685446009389672 37
1626464075211 0.8685446009389672 38
1626464077731 0.8685446009389672 39
1626464080176 0.8711943793911008 40
1626464083140 0.8738317757009346 41
1626464085825 0.8738317757009346 42
1626464088363 0.8738317757009346 43
1626464090809 0.8738317757009346 44
1626464093286 0.8738317757009346 45
1626464095820 0.8738317757009346 46
1626464098264 0.8738317757009346 47
1626464100738 0.8738317757009346 48
1626464103224 0.8738317757009346 49
1626464105674 0.8738317757009346 50
1626464108092 0.8738317757009346 51
1626464110530 0.8738317757009346 52
1626464112976 0.8738317757009346 53
1626464115424 0.8738317757009346 54
1626464117848 0.8738317757009346 55
1626464120299 0.8738317757009346 56
1626464122737 0.8738317757009346 57
1626464125179 0.8738317757009346 58
1626464127618 0.8738317757009346 59
1626464130047 0.8738317757009346 60
1626464132494 0.8738317757009346 61
1626464134935 0.8738317757009346 62
1626464137374 0.8738317757009346 63
1626464139819 0.8738317757009346 64
1626464142258 0.8764568764568765 65
1626464144679 0.8764568764568765 66
1626464147125 0.8764568764568765 67
1626464149572 0.8764568764568765 68
1626464152058 0.8764568764568765 69
1626464154511 0.8764568764568765 70
1626464156948 0.8764568764568765 71
1626464159400 0.8764568764568765 72
1626464161857 0.8764568764568765 73
1626464164328 0.8764568764568765 74
1626464166770 0.8764568764568765 75
