1626510507896 0 0
1626510512896 1 1
1626510518056 2 2
1626510522835 3 3
1626510527768 4 4
1626510532518 5 5
1626510537756 6 6
1626510542676 7 7
1626510547865 8 8
1626510552869 9 9
1626510557840 10 10
1626510562673 11 11
1626510567271 12 12
1626510572199 13 13
1626510577041 14 14
1626510582041 15 15
1626510587159 16 16
1626510592359 17 17
1626510597369 18 18
1626510601899 19 19
1626510606782 20 20
1626510611839 21 21
1626510617232 22 22
1626510622120 23 23
1626510626746 24 24
1626510631499 25 25
1626510636952 26 26
1626510641455 27 27
1626510646327 28 28
1626510651026 29 29
1626510656410 30 30
1626510661936 31 31
1626510666575 32 32
1626510671443 33 33
1626510676670 34 34
1626510681797 35 35
1626510687299 36 36
1626510692463 37 37
1626510696934 38 38
1626510701475 39 39
1626510706182 40 40
1626510711328 41 41
1626510715807 42 42
1626510720646 43 43
1626510726207 44 44
1626510731774 45 45
1626510737094 46 46
1626510743117 47 47
1626510748385 48 48
1626510755547 49 49
1626510761190 50 50
1626510766377 51 51
1626510771314 52 52
1626510775797 53 53
1626510780729 54 54
1626510786208 55 55
1626510791291 56 56
1626510796387 57 57
1626510801286 58 58
1626510806361 59 59
1626510812132 60 60
1626510818479 61 61
1626510824796 62 62
1626510831505 63 63
1626510837644 64 64
1626510843792 65 65
1626510849957 66 66
1626510856144 67 67
1626510863422 68 68
1626510869646 69 69
1626510875965 70 70
1626510882131 71 71
1626510889178 72 72
1626510896061 73 73
1626510901842 74 74
1626510908211 75 75
1626510914590 76 76
1626510920641 77 77
1626510926916 78 78
1626510933236 79 79
1626510940211 80 80
1626510947173 81 81
1626510953431 82 82
1626510959643 83 83
1626510964852 84 84
1626510970436 85 85
1626510975035 86 86
1626510980050 87 87
1626510984868 88 88
1626510989686 89 89
1626510994615 90 90
1626510999612 91 91
1626511004401 92 92
1626511009115 93 93
1626511014018 94 94
1626511018635 95 95
1626511023141 96 96
1626511027663 97 97
1626511032516 98 98
1626511037212 99 99
1626511041857 100 100
1626511637903 0 0
