1626510507896 0.7183170318603516 0
1626510512896 0.6088120937347412 1
1626510518056 0.5555495023727417 2
1626510522835 0.5262898206710815 3
1626510527768 0.5054565072059631 4
1626510532518 0.48898425698280334 5
1626510537756 0.47570958733558655 6
1626510542676 0.4650612473487854 7
1626510547865 0.45595452189445496 8
1626510552869 0.4473585784435272 9
1626510557840 0.43953561782836914 10
1626510562673 0.43255093693733215 11
1626510567271 0.42638251185417175 12
1626510572199 0.42042332887649536 13
1626510577041 0.4145497977733612 14
1626510582041 0.4088456332683563 15
1626510587159 0.4035532772541046 16
1626510592359 0.398785263299942 17
1626510597369 0.39425575733184814 18
1626510601899 0.39009976387023926 19
1626510606782 0.3860921859741211 20
1626510611839 0.3822498917579651 21
1626510617232 0.3786020874977112 22
1626510622120 0.3751720190048218 23
1626510626746 0.37191641330718994 24
1626510631499 0.36887723207473755 25
1626510636952 0.3660200536251068 26
1626510641455 0.36334970593452454 27
1626510646327 0.3607037663459778 28
1626510651026 0.3581967353820801 29
1626510656410 0.35590627789497375 30
1626510661936 0.3537294864654541 31
1626510666575 0.35160136222839355 32
1626510671443 0.3495989739894867 33
1626510676670 0.34766140580177307 34
1626510681797 0.34585869312286377 35
1626510687299 0.3441491425037384 36
1626510692463 0.3425184488296509 37
1626510696934 0.340929239988327 38
1626510701475 0.3395232558250427 39
1626510706182 0.33819371461868286 40
1626510711328 0.3368884027004242 41
1626510715807 0.33561351895332336 42
1626510720646 0.33440089225769043 43
1626510726207 0.3332921862602234 44
1626510731774 0.3322398364543915 45
1626510737094 0.33123162388801575 46
1626510743117 0.33024096488952637 47
1626510748385 0.3292924761772156 48
1626510755547 0.32837411761283875 49
1626510761190 0.32753899693489075 50
1626510766377 0.32673946022987366 51
1626510771314 0.3259730339050293 52
1626510775797 0.3252842128276825 53
1626510780729 0.32454028725624084 54
1626510786208 0.3238961398601532 55
1626510791291 0.32326674461364746 56
1626510796387 0.32270681858062744 57
1626510801286 0.3220996856689453 58
1626510806361 0.32159075140953064 59
1626510812132 0.321067214012146 60
1626510818479 0.3206007778644562 61
1626510824796 0.32013845443725586 62
1626510831505 0.3197227418422699 63
1626510837644 0.3192686438560486 64
1626510843792 0.3188956677913666 65
1626510849957 0.3185179829597473 66
1626510856144 0.3181808590888977 67
1626510863422 0.31782057881355286 68
1626510869646 0.31753775477409363 69
1626510875965 0.3172234296798706 70
1626510882131 0.3169080317020416 71
1626510889178 0.3166181743144989 72
1626510896061 0.31636425852775574 73
1626510901842 0.3161354660987854 74
1626510908211 0.31587696075439453 75
1626510914590 0.31566739082336426 76
1626510920641 0.315459668636322 77
1626510926916 0.3152414560317993 78
1626510933236 0.315126895904541 79
1626510940211 0.3149045407772064 80
1626510947173 0.31470823287963867 81
1626510953431 0.3144986033439636 82
1626510959643 0.3143192529678345 83
1626510964852 0.3140985369682312 84
1626510970436 0.3139391541481018 85
1626510975035 0.3137625753879547 86
1626510980050 0.31359216570854187 87
1626510984868 0.3134002387523651 88
1626510989686 0.31322839856147766 89
1626510994615 0.3130412697792053 90
1626510999612 0.31286942958831787 91
1626511004401 0.312710165977478 92
1626511009115 0.31248393654823303 93
1626511014018 0.31233909726142883 94
1626511018635 0.31214961409568787 95
1626511023141 0.3119162321090698 96
1626511027663 0.31173330545425415 97
1626511032516 0.3115851879119873 98
1626511037212 0.31139126420021057 99
1626511041857 0.31320682168006897 100
