1626510507896 0.3404255319148936 0
1626510512896 0.4444444444444445 1
1626510518056 0.5215189873417722 2
1626510522835 0.581453634085213 3
1626510527768 0.6277372262773723 4
1626510532518 0.6572769953051644 5
1626510537756 0.6851851851851851 6
1626510542676 0.6926605504587157 7
1626510547865 0.7080459770114943 8
1626510552869 0.7239819004524888 9
1626510557840 0.750551876379691 10
1626510562673 0.7608695652173914 11
1626510567271 0.7575757575757576 12
1626510572199 0.754880694143167 13
1626510577041 0.7652173913043477 14
1626510582041 0.7739130434782608 15
1626510587159 0.7939262472885031 16
1626510592359 0.794816414686825 17
1626510597369 0.8060344827586208 18
1626510601899 0.815450643776824 19
1626510606782 0.8197424892703863 20
1626510611839 0.8283261802575108 21
1626510617232 0.831896551724138 22
1626510622120 0.8344086021505377 23
1626510626746 0.8362068965517241 24
1626510631499 0.8380129589632829 25
1626510636952 0.8380129589632829 26
1626510641455 0.8459869848156182 27
1626510646327 0.8484848484848485 28
1626510651026 0.8503253796095445 29
1626510656410 0.8540305010893247 30
1626510661936 0.8540305010893247 31
1626510666575 0.8558951965065502 32
1626510671443 0.8627450980392157 33
1626510676670 0.8646288209606987 34
1626510681797 0.8665207877461707 35
1626510687299 0.8665207877461707 36
1626510692463 0.8665207877461707 37
1626510696934 0.8646288209606987 38
1626510701475 0.868995633187773 39
1626510706182 0.876355748373102 40
1626510711328 0.8782608695652174 41
1626510715807 0.8782608695652174 42
1626510720646 0.8806941431670282 43
1626510726207 0.8806941431670282 44
1626510731774 0.8806941431670282 45
1626510737094 0.8806941431670282 46
1626510743117 0.8826086956521739 47
1626510748385 0.8850325379609544 48
1626510755547 0.8874458874458875 49
1626510761190 0.8898488120950323 50
1626510766377 0.8922413793103449 51
1626510771314 0.8922413793103449 52
1626510775797 0.8922413793103449 53
1626510780729 0.8922413793103449 54
1626510786208 0.8922413793103449 55
1626510791291 0.8922413793103449 56
1626510796387 0.8922413793103449 57
1626510801286 0.8922413793103449 58
1626510806361 0.896551724137931 59
1626510812132 0.896551724137931 60
1626510818479 0.896551724137931 61
1626510824796 0.896551724137931 62
1626510831505 0.896551724137931 63
1626510837644 0.896551724137931 64
1626510843792 0.896551724137931 65
1626510849957 0.896551724137931 66
1626510856144 0.896551724137931 67
1626510863422 0.896551724137931 68
1626510869646 0.896551724137931 69
1626510875965 0.896551724137931 70
1626510882131 0.896551724137931 71
1626510889178 0.896551724137931 72
1626510896061 0.896551724137931 73
1626510901842 0.8984881209503239 74
1626510908211 0.9008620689655172 75
1626510914590 0.9008620689655172 76
1626510920641 0.9008620689655172 77
1626510926916 0.9008620689655172 78
1626510933236 0.9008620689655172 79
1626510940211 0.9008620689655172 80
1626510947173 0.9008620689655172 81
1626510953431 0.9008620689655172 82
1626510959643 0.9008620689655172 83
1626510964852 0.9008620689655172 84
1626510970436 0.9032258064516129 85
1626510975035 0.9008620689655172 86
1626510980050 0.9032258064516129 87
1626510984868 0.9032258064516129 88
1626510989686 0.9032258064516129 89
1626510994615 0.9032258064516129 90
1626510999612 0.9055793991416309 91
1626511004401 0.9055793991416309 92
1626511009115 0.9055793991416309 93
1626511014018 0.9055793991416309 94
1626511018635 0.9055793991416309 95
1626511023141 0.9055793991416309 96
1626511027663 0.9055793991416309 97
1626511032516 0.9055793991416309 98
1626511037212 0.9055793991416309 99
1626511041857 0.9032258064516129 100
