1626509428032 0 0
1626509434135 1 1
1626509438976 2 2
1626509444473 3 3
1626509449364 4 4
1626509454644 5 5
1626509459441 6 6
1626509465224 7 7
1626509469821 8 8
1626509474811 9 9
1626509480265 10 10
1626509484955 11 11
1626509489722 12 12
1626509495192 13 13
1626509499935 14 14
1626509504588 15 15
1626509510260 16 16
1626509514910 17 17
1626509520652 18 18
1626509525494 19 19
1626509530303 20 20
1626509535222 21 21
1626509539906 22 22
1626509544761 23 23
1626509550256 24 24
1626509555437 25 25
1626509560502 26 26
1626509565308 27 27
1626509571204 28 28
1626509576993 29 29
1626509582374 30 30
1626509593348 0 0
