1626509428032 0.7025642991065979 0
1626509434135 0.6232156753540039 1
1626509438976 0.5864565372467041 2
1626509444473 0.5641003847122192 3
1626509449364 0.5480027794837952 4
1626509454644 0.535079300403595 5
1626509459441 0.5242648124694824 6
1626509465224 0.5149131417274475 7
1626509469821 0.5069778561592102 8
1626509474811 0.49985674023628235 9
1626509480265 0.4935950040817261 10
1626509484955 0.48811766505241394 11
1626509489722 0.4828207194805145 12
1626509495192 0.47792938351631165 13
1626509499935 0.47338297963142395 14
1626509504588 0.46921736001968384 15
1626509510260 0.46528539061546326 16
1626509514910 0.4615982472896576 17
1626509520652 0.45817360281944275 18
1626509525494 0.4549591541290283 19
1626509530303 0.45186570286750793 20
1626509535222 0.44887763261795044 21
1626509539906 0.4460972249507904 22
1626509544761 0.4434084892272949 23
1626509550256 0.4408608078956604 24
1626509555437 0.4382689893245697 25
1626509560502 0.43585583567619324 26
1626509565308 0.43345144391059875 27
1626509571204 0.431072860956192 28
1626509576993 0.4287729561328888 29
1626509582374 0.43555501103401184 30
