1626509428032 0.4288164665523156 0
1626509434135 0.6107142857142858 1
1626509438976 0.6869409660107334 2
1626509444473 0.7305605786618445 3
1626509449364 0.7509025270758123 4
1626509454644 0.7714808043875685 5
1626509459441 0.7749077490774908 6
1626509465224 0.7845303867403316 7
1626509469821 0.7903525046382188 8
1626509474811 0.8104089219330854 9
1626509480265 0.832089552238806 10
1626509484955 0.8417132216014898 11
1626509489722 0.8475836431226765 12
1626509495192 0.8518518518518519 13
1626509499935 0.8534322820037106 14
1626509504588 0.8608534322820037 15
1626509510260 0.8645640074211502 16
1626509514910 0.8666666666666667 17
1626509520652 0.8813559322033898 18
1626509525494 0.8830188679245282 19
1626509530303 0.8830188679245282 20
1626509535222 0.8863636363636364 21
1626509539906 0.8931297709923665 22
1626509544761 0.8931297709923665 23
1626509550256 0.8931297709923665 24
1626509555437 0.9024856596558317 25
1626509560502 0.904214559386973 26
1626509565308 0.9059500959692898 27
1626509571204 0.9094412331406551 28
1626509576993 0.9111969111969112 29
1626509582374 0.9059500959692898 30
