1626512954540 0 0
1626512957228 1 1
1626512959665 2 2
1626512962134 3 3
1626512964524 4 4
1626512966959 5 5
1626512970258 6 6
1626512972890 7 7
1626512975426 8 8
1626512977822 9 9
1626512980603 10 10
1626512983157 11 11
1626512985933 12 12
1626512988701 13 13
1626512991306 14 14
1626512993806 15 15
1626512996399 16 16
1626512999007 17 17
1626513001469 18 18
1626513003890 19 19
1626513006337 20 20
1626513008875 21 21
1626513011360 22 22
1626513013980 23 23
1626513016402 24 24
1626513018799 25 25
1626513021270 26 26
1626513023936 27 27
1626513026708 28 28
1626513029613 29 29
1626513032096 30 30
1626513034610 31 31
1626513037198 32 32
1626513039723 33 33
1626513042276 34 34
1626513044697 35 35
1626513047229 36 36
1626513049688 37 37
1626513052107 38 38
1626513054554 39 39
1626513057022 40 40
1626513059481 41 41
1626513062024 42 42
1626513064541 43 43
1626513066907 44 44
1626513069343 45 45
1626513071732 46 46
1626513074260 47 47
1626513076784 48 48
1626513079237 49 49
1626513081870 50 50
1626513084372 51 51
1626513086812 52 52
1626513089252 53 53
1626513091720 54 54
1626513094168 55 55
1626513096724 56 56
1626513099125 57 57
1626513101598 58 58
1626513104224 59 59
1626513106619 60 60
1626513109045 61 61
1626513111544 62 62
1626513114067 63 63
1626513116691 64 64
