1626512954540 0.726772129535675 0
1626512957228 0.6096986532211304 1
1626512959665 0.5545853972434998 2
1626512962134 0.5254325866699219 3
1626512964524 0.5040834546089172 4
1626512966959 0.48761212825775146 5
1626512970258 0.4746321141719818 6
1626512972890 0.4634644091129303 7
1626512975426 0.4540433883666992 8
1626512977822 0.44609200954437256 9
1626512980603 0.4393359124660492 10
1626512983157 0.43296724557876587 11
1626512985933 0.4270852506160736 12
1626512988701 0.4215754270553589 13
1626512991306 0.4162175953388214 14
1626512993806 0.4110199809074402 15
1626512996399 0.40631258487701416 16
1626512999007 0.4019138514995575 17
1626513001469 0.39777252078056335 18
1626513003890 0.3937389850616455 19
1626513006337 0.38985300064086914 20
1626513008875 0.38612794876098633 21
1626513011360 0.382543683052063 22
1626513013980 0.379145085811615 23
1626513016402 0.375885933637619 24
1626513018799 0.3728107810020447 25
1626513021270 0.3698659837245941 26
1626513023936 0.36707964539527893 27
1626513026708 0.36435502767562866 28
1626513029613 0.36179640889167786 29
1626513032096 0.35936418175697327 30
1626513034610 0.3570386469364166 31
1626513037198 0.3547880947589874 32
1626513039723 0.35271748900413513 33
1626513042276 0.35077759623527527 34
1626513044697 0.3489953875541687 35
1626513047229 0.3472759425640106 36
1626513049688 0.3456071615219116 37
1626513052107 0.34401628375053406 38
1626513054554 0.3424925208091736 39
1626513057022 0.34103071689605713 40
1626513059481 0.3396521210670471 41
1626513062024 0.3383599519729614 42
1626513064541 0.33712226152420044 43
1626513066907 0.33587267994880676 44
1626513069343 0.33481094241142273 45
1626513071732 0.3337193727493286 46
1626513074260 0.3326511085033417 47
1626513076784 0.3317054808139801 48
1626513079237 0.3307259976863861 49
1626513081870 0.32991117238998413 50
1626513084372 0.3290363848209381 51
1626513086812 0.32821521162986755 52
1626513089252 0.3274089992046356 53
1626513091720 0.3267160952091217 54
1626513094168 0.326050728559494 55
1626513096724 0.3253818154335022 56
1626513099125 0.3246775269508362 57
1626513101598 0.32412877678871155 58
1626513104224 0.32353970408439636 59
1626513106619 0.3230176270008087 60
1626513109045 0.32249635457992554 61
1626513111544 0.3219967484474182 62
1626513114067 0.3215891122817993 63
1626513116691 0.32115066051483154 64
