1626512954540 0.3132530120481927 0
1626512957228 0.4529262086513995 1
1626512959665 0.5063291139240507 2
1626512962134 0.5931372549019608 3
1626512964524 0.6142506142506144 4
1626512966959 0.6587677725118483 5
1626512970258 0.6697892271662763 6
1626512972890 0.6926605504587157 7
1626512975426 0.6954545454545454 8
1626512977822 0.7158836689038032 9
1626512980603 0.7168141592920355 10
1626512983157 0.7312775330396477 11
1626512985933 0.7368421052631577 12
1626512988701 0.7428571428571429 13
1626512991306 0.7461368653421634 14
1626512993806 0.7516483516483516 15
1626512996399 0.750551876379691 16
1626512999007 0.7610619469026548 17
1626513001469 0.7616926503340757 18
1626513003890 0.7616926503340757 19
1626513006337 0.7688888888888888 20
1626513008875 0.7868131868131869 21
1626513011360 0.7894736842105263 22
1626513013980 0.7912087912087913 23
1626513016402 0.7956043956043956 24
1626513018799 0.8043956043956044 25
1626513021270 0.814004376367615 26
1626513023936 0.8175824175824176 27
1626513026708 0.8211920529801325 28
1626513029613 0.8281938325991189 29
1626513032096 0.8300220750551878 30
1626513034610 0.8370044052863437 31
1626513037198 0.8370044052863437 32
1626513039723 0.8344370860927152 33
1626513042276 0.8388520971302428 34
1626513044697 0.8476821192052979 35
1626513047229 0.8527472527472528 36
1626513049688 0.8552631578947368 37
1626513052107 0.8552631578947368 38
1626513054554 0.8552631578947368 39
1626513057022 0.8652173913043477 40
1626513059481 0.8652173913043477 41
1626513062024 0.8671023965141612 42
1626513064541 0.8671023965141612 43
1626513066907 0.8671023965141612 44
1626513069343 0.8671023965141612 45
1626513071732 0.8671023965141612 46
1626513074260 0.868995633187773 47
1626513076784 0.8714596949891068 48
1626513079237 0.8733624454148471 49
1626513081870 0.8733624454148471 50
1626513084372 0.8733624454148471 51
1626513086812 0.8777292576419214 52
1626513089252 0.8777292576419214 53
1626513091720 0.8777292576419214 54
1626513094168 0.8777292576419214 55
1626513096724 0.8777292576419214 56
1626513099125 0.8820960698689957 57
1626513101598 0.8840262582056893 58
1626513104224 0.8840262582056893 59
1626513106619 0.8840262582056893 60
1626513109045 0.8840262582056893 61
1626513111544 0.8840262582056893 62
1626513114067 0.8840262582056893 63
1626513116691 0.8840262582056893 64
