1626512244398 0 0
1626512247329 1 1
1626512250380 2 2
1626512253409 3 3
1626512256386 4 4
1626512259388 5 5
1626512262440 6 6
1626512265594 7 7
1626512268588 8 8
1626512271512 9 9
1626512274462 10 10
1626512277410 11 11
1626512280395 12 12
1626512283520 13 13
1626512286468 14 14
1626512289420 15 15
1626512292409 16 16
1626512295603 17 17
1626512298527 18 18
1626512301575 19 19
1626512304729 20 20
1626512307700 21 21
1626512310614 22 22
1626512313561 23 23
1626512316689 24 24
1626512319817 25 25
1626512322800 26 26
1626512325734 27 27
1626512328809 28 28
1626512332027 29 29
1626512335174 30 30
1626512338134 31 31
1626512341069 32 32
1626512344106 33 33
1626512347165 34 34
1626512350148 35 35
1626512353191 36 36
1626512356185 37 37
1626512359086 38 38
1626512362046 39 39
1626512365132 40 40
1626512368292 41 41
1626512371469 42 42
1626512374654 43 43
1626512377688 44 44
1626512380649 45 45
1626512383786 46 46
1626512386824 47 47
1626512389730 48 48
1626512392739 49 49
1626512395685 50 50
1626512398613 51 51
1626512401665 52 52
1626512404647 53 53
1626512407831 54 54
1626512410806 55 55
1626512413708 56 56
1626512416774 57 57
1626512419696 58 58
1626512422583 59 59
1626512425617 60 60
1626512428608 61 61
1626512431601 62 62
1626512434545 63 63
1626512437507 64 64
1626512440618 65 65
1626512443544 66 66
1626512446571 67 67
1626512449524 68 68
1626512452588 69 69
1626512455769 70 70
1626512458684 71 71
1626512461713 72 72
1626512471742 73 73
1626512482486 74 74
1626512493180 75 75
1626512950930 0 0
