1626512244398 0.710207998752594 0
1626512247329 0.5815130472183228 1
1626512250380 0.5269688963890076 2
1626512253409 0.5000043511390686 3
1626512256386 0.48097142577171326 4
1626512259388 0.4661763310432434 5
1626512262440 0.45370009541511536 6
1626512265594 0.4432940185070038 7
1626512268588 0.4344174563884735 8
1626512271512 0.42649587988853455 9
1626512274462 0.4191121757030487 10
1626512277410 0.4122903645038605 11
1626512280395 0.40621280670166016 12
1626512283520 0.40079477429389954 13
1626512286468 0.39586102962493896 14
1626512289420 0.3915584981441498 15
1626512292409 0.3873797059059143 16
1626512295603 0.38328492641448975 17
1626512298527 0.37942278385162354 18
1626512301575 0.3758455216884613 19
1626512304729 0.3724602460861206 20
1626512307700 0.3691709339618683 21
1626512310614 0.3660707473754883 22
1626512313561 0.3632071912288666 23
1626512316689 0.36054372787475586 24
1626512319817 0.35799989104270935 25
1626512322800 0.35567349195480347 26
1626512325734 0.3535660207271576 27
1626512328809 0.35162290930747986 28
1626512332027 0.3497738540172577 29
1626512335174 0.3480645418167114 30
1626512338134 0.34645119309425354 31
1626512341069 0.3449552357196808 32
1626512344106 0.3435552418231964 33
1626512347165 0.34229156374931335 34
1626512350148 0.3410389721393585 35
1626512353191 0.3399031162261963 36
1626512356185 0.33881688117980957 37
1626512359086 0.3378600776195526 38
1626512362046 0.336910218000412 39
1626512365132 0.33597826957702637 40
1626512368292 0.33518004417419434 41
1626512371469 0.33434638381004333 42
1626512374654 0.3336220979690552 43
1626512377688 0.3329028785228729 44
1626512380649 0.3322462737560272 45
1626512383786 0.3315843939781189 46
1626512386824 0.33101704716682434 47
1626512389730 0.3304016590118408 48
1626512392739 0.32993343472480774 49
1626512395685 0.3294818103313446 50
1626512398613 0.3289265036582947 51
1626512401665 0.3285267949104309 52
1626512404647 0.32812801003456116 53
1626512407831 0.327660471200943 54
1626512410806 0.3273163437843323 55
1626512413708 0.32696110010147095 56
1626512416774 0.3265937268733978 57
1626512419696 0.3262765407562256 58
1626512422583 0.32599717378616333 59
1626512425617 0.32573994994163513 60
1626512428608 0.3254595994949341 61
1626512431601 0.32512253522872925 62
1626512434545 0.3248595893383026 63
1626512437507 0.32458117604255676 64
1626512440618 0.32430973649024963 65
1626512443544 0.3239861726760864 66
1626512446571 0.3237236738204956 67
1626512449524 0.32345470786094666 68
1626512452588 0.32320085167884827 69
1626512455769 0.32294195890426636 70
1626512458684 0.3226308524608612 71
1626512461713 0.32233893871307373 72
1626512471742 0.3220914304256439 73
1626512482486 0.32185497879981995 74
1626512493180 0.32384899258613586 75
