1626512244398 0.02419354838709677 0
1626512247329 0.16541353383458646 1
1626512250380 0.26334519572953735 2
1626512253409 0.33333333333333337 3
1626512256386 0.39739413680781754 4
1626512259388 0.4831804281345566 5
1626512262440 0.5454545454545454 6
1626512265594 0.5932203389830508 7
1626512268588 0.6260387811634349 8
1626512271512 0.639344262295082 9
1626512274462 0.6413043478260869 10
1626512277410 0.6540540540540541 11
1626512280395 0.6719999999999999 12
1626512283520 0.6912928759894458 13
1626512286468 0.7116883116883117 14
1626512289420 0.7384615384615385 15
1626512292409 0.7544303797468355 16
1626512295603 0.773067331670823 17
1626512298527 0.7830423940149625 18
1626512301575 0.7940446650124069 19
1626512304729 0.8 20
1626512307700 0.8117359413202934 21
1626512310614 0.8166259168704156 22
1626512313561 0.8223844282238443 23
1626512316689 0.8252427184466019 24
1626512319817 0.8309178743961353 25
1626512322800 0.8337349397590361 26
1626512325734 0.8468899521531101 27
1626512328809 0.8605200945626478 28
1626512332027 0.8605200945626478 29
1626512335174 0.8632075471698113 30
1626512338134 0.8685446009389672 31
1626512341069 0.8738317757009346 32
1626512344106 0.8790697674418605 33
1626512347165 0.8816705336426914 34
1626512350148 0.8842592592592593 35
1626512353191 0.8842592592592593 36
1626512356185 0.8842592592592593 37
1626512359086 0.8842592592592593 38
1626512362046 0.8842592592592593 39
1626512365132 0.8842592592592593 40
1626512368292 0.8842592592592593 41
1626512371469 0.8868360277136259 42
1626512374654 0.8894009216589862 43
1626512377688 0.8894009216589862 44
1626512380649 0.8894009216589862 45
1626512383786 0.8894009216589862 46
1626512386824 0.8894009216589862 47
1626512389730 0.8894009216589862 48
1626512392739 0.8894009216589862 49
1626512395685 0.8894009216589862 50
1626512398613 0.8894009216589862 51
1626512401665 0.8894009216589862 52
1626512404647 0.8919540229885058 53
1626512407831 0.8919540229885058 54
1626512410806 0.8919540229885058 55
1626512413708 0.8919540229885058 56
1626512416774 0.8919540229885058 57
1626512419696 0.8919540229885058 58
1626512422583 0.8919540229885058 59
1626512425617 0.8919540229885058 60
1626512428608 0.8919540229885058 61
1626512431601 0.8919540229885058 62
1626512434545 0.8919540229885058 63
1626512437507 0.8919540229885058 64
1626512440618 0.8919540229885058 65
1626512443544 0.8919540229885058 66
1626512446571 0.8919540229885058 67
1626512449524 0.8919540229885058 68
1626512452588 0.8919540229885058 69
1626512455769 0.8919540229885058 70
1626512458684 0.8919540229885058 71
1626512461713 0.8944954128440367 72
1626512471742 0.8944954128440367 73
1626512482486 0.8944954128440367 74
1626512493180 0.8919540229885058 75
