1626509271441 0 0
1626509274501 1 1
1626509277358 2 2
1626509280205 3 3
1626509283374 4 4
1626509289514 5 5
1626509294751 6 6
1626509300584 7 7
1626509305687 8 8
1626509310665 9 9
1626509315321 10 10
1626509320927 11 11
1626509325859 12 12
1626509331397 13 13
1626509337088 14 14
1626509342834 15 15
1626509347300 16 16
1626509352914 17 17
1626509358685 18 18
1626509364104 19 19
1626509369918 20 20
1626509375634 21 21
1626509380902 22 22
1626509385961 23 23
1626509391605 24 24
1626509396383 25 25
1626509402244 26 26
1626509408363 27 27
1626509413228 28 28
1626509418391 29 29
1626509422975 30 30
1626509587455 0 0
