1626509271441 0.6713249087333679 0
1626509274501 0.6050958037376404 1
1626509277358 0.5622358918190002 2
1626509280205 0.5341772437095642 3
1626509283374 0.5153619647026062 4
1626509289514 0.5011661648750305 5
1626509294751 0.489778608083725 6
1626509300584 0.4798704981803894 7
1626509305687 0.4710537791252136 8
1626509310665 0.46292322874069214 9
1626509315321 0.45568689703941345 10
1626509320927 0.4490181505680084 11
1626509325859 0.44302064180374146 12
1626509331397 0.4374072253704071 13
1626509337088 0.4322025775909424 14
1626509342834 0.4274381697177887 15
1626509347300 0.4228159785270691 16
1626509352914 0.4186078608036041 17
1626509358685 0.41464295983314514 18
1626509364104 0.41091156005859375 19
1626509369918 0.40736109018325806 20
1626509375634 0.40386101603507996 21
1626509380902 0.40058600902557373 22
1626509385961 0.39747998118400574 23
1626509391605 0.39463672041893005 24
1626509396383 0.39172232151031494 25
1626509402244 0.38885629177093506 26
1626509408363 0.38607659935951233 27
1626509413228 0.3832987844944 28
1626509418391 0.38060811161994934 29
1626509422975 0.38848942518234253 30
