1626509271441 0.20270270270270271 0
1626509274501 0.2875816993464052 1
1626509277358 0.3715170278637771 2
1626509280205 0.4504504504504504 3
1626509283374 0.5084745762711865 4
1626509289514 0.554945054945055 5
1626509294751 0.579088471849866 6
1626509300584 0.583554376657825 7
1626509305687 0.5925925925925926 8
1626509310665 0.6093750000000001 9
1626509315321 0.6377551020408164 10
1626509320927 0.6430379746835442 11
1626509325859 0.6466165413533834 12
1626509331397 0.6666666666666667 13
1626509337088 0.6764705882352942 14
1626509342834 0.6943765281173594 15
1626509347300 0.7132530120481927 16
1626509352914 0.7298578199052133 17
1626509358685 0.7345971563981043 18
1626509364104 0.7405660377358491 19
1626509369918 0.7452830188679245 20
1626509375634 0.7565011820330969 21
1626509380902 0.7582938388625593 22
1626509385961 0.7612293144208038 23
1626509391605 0.7688679245283018 24
1626509396383 0.7725118483412322 25
1626509402244 0.7725118483412322 26
1626509408363 0.7725118483412322 27
1626509413228 0.7761904761904762 28
1626509418391 0.7761904761904762 29
1626509422975 0.7725118483412322 30
