1626464174298 0 0
1626464176717 1 1
1626464179173 2 2
1626464181630 3 3
1626464184097 4 4
1626464186532 5 5
1626464188981 6 6
1626464191420 7 7
1626464193909 8 8
1626464196327 9 9
1626464198809 10 10
1626464201262 11 11
1626464203764 12 12
1626464206216 13 13
1626464208687 14 14
1626464211139 15 15
1626464213628 16 16
1626464216063 17 17
1626464218517 18 18
1626464221045 19 19
1626464223644 20 20
1626464226100 21 21
1626464228539 22 22
1626464230973 23 23
1626464233393 24 24
1626464235832 25 25
1626464238250 26 26
1626464240676 27 27
1626464243117 28 28
1626464245518 29 29
1626464247978 30 30
1626464250436 31 31
1626464252903 32 32
1626464255334 33 33
1626464257756 34 34
1626464260182 35 35
1626464262610 36 36
1626464265057 37 37
1626464267476 38 38
1626464269895 39 39
1626464272357 40 40
1626464274823 41 41
1626464277260 42 42
1626464279694 43 43
1626464282120 44 44
1626464284589 45 45
1626464287011 46 46
1626464289428 47 47
1626464291885 48 48
1626464294336 49 49
1626464296774 50 50
1626464299217 51 51
1626464301647 52 52
1626464304121 53 53
1626464306544 54 54
1626464308978 55 55
1626464311414 56 56
1626464313899 57 57
1626464316331 58 58
1626464318773 59 59
1626464321204 60 60
1626464323639 61 61
1626464326049 62 62
1626464328493 63 63
1626464330903 64 64
1626464333327 65 65
1626464335743 66 66
1626464338163 67 67
1626464340607 68 68
1626464343031 69 69
1626464345461 70 70
1626464347888 71 71
1626464350308 72 72
1626464352740 73 73
1626464355166 74 74
1626464357599 75 75
1626464360024 76 76
1626464362507 77 77
1626464364999 78 78
1626464367501 79 79
1626464369936 80 80
1626464372392 81 81
1626464374872 82 82
1626464377298 83 83
1626464379766 84 84
1626464382201 85 85
1626464384662 86 86
1626464387107 87 87
1626464389529 88 88
1626464391967 89 89
1626464394413 90 90
1626464396855 91 91
1626464399289 92 92
1626464401745 93 93
1626464404211 94 94
1626464406626 95 95
1626464409081 96 96
1626464411520 97 97
1626464413964 98 98
1626464416417 99 99
1626464418842 100 100
1626509257330 0 0
