1626464174298 0.7212445139884949 0
1626464176717 0.6092535257339478 1
1626464179173 0.5555824041366577 2
1626464181630 0.526039183139801 3
1626464184097 0.5049375891685486 4
1626464186532 0.488736629486084 5
1626464188981 0.47564998269081116 6
1626464191420 0.4650602340698242 7
1626464193909 0.45616886019706726 8
1626464196327 0.44846513867378235 9
1626464198809 0.4417773187160492 10
1626464201262 0.4354808032512665 11
1626464203764 0.4293056130409241 12
1626464206216 0.4233575165271759 13
1626464208687 0.41758331656455994 14
1626464211139 0.41200774908065796 15
1626464213628 0.40669912099838257 16
1626464216063 0.4016259014606476 17
1626464218517 0.39693644642829895 18
1626464221045 0.3925868570804596 19
1626464223644 0.3883711099624634 20
1626464226100 0.3845091164112091 21
1626464228539 0.38078126311302185 22
1626464230973 0.37719205021858215 23
1626464233393 0.3738141357898712 24
1626464235832 0.37062913179397583 25
1626464238250 0.3675338327884674 26
1626464240676 0.36462050676345825 27
1626464243117 0.36188235878944397 28
1626464245518 0.35925397276878357 29
1626464247978 0.35679891705513 30
1626464250436 0.3544485867023468 31
1626464252903 0.3522276282310486 32
1626464255334 0.3501072824001312 33
1626464257756 0.34808677434921265 34
1626464260182 0.34615784883499146 35
1626464262610 0.34425684809684753 36
1626464265057 0.3425053656101227 37
1626464267476 0.3408336639404297 38
1626464269895 0.33926767110824585 39
1626464272357 0.33774080872535706 40
1626464274823 0.3362821042537689 41
1626464277260 0.334890216588974 42
1626464279694 0.33353084325790405 43
1626464282120 0.3323247730731964 44
1626464284589 0.33113187551498413 45
1626464287011 0.3299763798713684 46
1626464289428 0.3289167582988739 47
1626464291885 0.32790088653564453 48
1626464294336 0.3269057869911194 49
1626464296774 0.3260593116283417 50
1626464299217 0.32514193654060364 51
1626464301647 0.3242952227592468 52
1626464304121 0.3235495686531067 53
1626464306544 0.3228011131286621 54
1626464308978 0.3220583200454712 55
1626464311414 0.32135009765625 56
1626464313899 0.32074984908103943 57
1626464316331 0.3201097249984741 58
1626464318773 0.31954649090766907 59
1626464321204 0.31896916031837463 60
1626464323639 0.31844839453697205 61
1626464326049 0.31799447536468506 62
1626464328493 0.3175472617149353 63
1626464330903 0.3170545995235443 64
1626464333327 0.31666091084480286 65
1626464335743 0.3162514567375183 66
1626464338163 0.31583794951438904 67
1626464340607 0.31547412276268005 68
1626464343031 0.31515392661094666 69
1626464345461 0.3148365616798401 70
1626464347888 0.3145281970500946 71
1626464350308 0.31423717737197876 72
1626464352740 0.31393277645111084 73
1626464355166 0.31364962458610535 74
1626464357599 0.3134056329727173 75
1626464360024 0.31314802169799805 76
1626464362507 0.31291425228118896 77
1626464364999 0.31270521879196167 78
1626464367501 0.31251445412635803 79
1626464369936 0.3123311996459961 80
1626464372392 0.3121161162853241 81
1626464374872 0.31190401315689087 82
1626464377298 0.31168943643569946 83
1626464379766 0.31151172518730164 84
1626464382201 0.3112867772579193 85
1626464384662 0.31110680103302 86
1626464387107 0.31093189120292664 87
1626464389529 0.3107275664806366 88
1626464391967 0.3105822801589966 89
1626464394413 0.3103926181793213 90
1626464396855 0.3102259635925293 91
1626464399289 0.3100520968437195 92
1626464401745 0.3098333775997162 93
1626464404211 0.30968591570854187 94
1626464406626 0.309455007314682 95
1626464409081 0.30926772952079773 96
1626464411520 0.30905136466026306 97
1626464413964 0.3088851571083069 98
1626464416417 0.308663934469223 99
1626464418842 0.3105499744415283 100
