1626464174298 0.33014354066985646 0
1626464176717 0.4626865671641791 1
1626464179173 0.5282051282051282 2
1626464181630 0.5829145728643216 3
1626464184097 0.6228710462287106 4
1626464186532 0.6634615384615384 5
1626464188981 0.6882217090069285 6
1626464191420 0.7058823529411765 7
1626464193909 0.7232142857142857 8
1626464196327 0.7268722466960352 9
1626464198809 0.7352297592997811 10
1626464201262 0.7489177489177489 11
1626464203764 0.7478260869565218 12
1626464206216 0.7619047619047619 13
1626464208687 0.7645788336933044 14
1626464211139 0.771551724137931 15
1626464213628 0.7722342733188721 16
1626464216063 0.7739130434782608 17
1626464218517 0.782608695652174 18
1626464221045 0.7921225382932165 19
1626464223644 0.8026030368763558 20
1626464226100 0.8077753779697624 21
1626464228539 0.8181818181818181 22
1626464230973 0.8199566160520606 23
1626464233393 0.8275862068965516 24
1626464235832 0.8275862068965516 25
1626464238250 0.831896551724138 26
1626464240676 0.8373101952277658 27
1626464243117 0.8423326133909288 28
1626464245518 0.8398268398268399 29
1626464247978 0.841648590021692 30
1626464250436 0.8434782608695652 31
1626464252903 0.8471615720524017 32
1626464255334 0.8496732026143791 33
1626464257756 0.8521739130434782 34
1626464260182 0.8558951965065502 35
1626464262610 0.8646288209606987 36
1626464265057 0.8665207877461707 37
1626464267476 0.8665207877461707 38
1626464269895 0.8665207877461707 39
1626464272357 0.868995633187773 40
1626464274823 0.8739130434782609 41
1626464277260 0.8739130434782609 42
1626464279694 0.8739130434782609 43
1626464282120 0.876355748373102 44
1626464284589 0.8806941431670282 45
1626464287011 0.8850325379609544 46
1626464289428 0.8850325379609544 47
1626464291885 0.8869565217391304 48
1626464294336 0.8869565217391304 49
1626464296774 0.8893709327548807 50
1626464299217 0.8937093275488069 51
1626464301647 0.8961038961038961 52
1626464304121 0.8961038961038961 53
1626464306544 0.8961038961038961 54
1626464308978 0.8961038961038961 55
1626464311414 0.8961038961038961 56
1626464313899 0.8961038961038961 57
1626464316331 0.8984881209503239 58
1626464318773 0.8984881209503239 59
1626464321204 0.8984881209503239 60
1626464323639 0.8984881209503239 61
1626464326049 0.8984881209503239 62
1626464328493 0.8984881209503239 63
1626464330903 0.9008620689655172 64
1626464333327 0.9008620689655172 65
1626464335743 0.9008620689655172 66
1626464338163 0.9008620689655172 67
1626464340607 0.9008620689655172 68
1626464343031 0.9008620689655172 69
1626464345461 0.9008620689655172 70
1626464347888 0.9032258064516129 71
1626464350308 0.9032258064516129 72
1626464352740 0.9008620689655172 73
1626464355166 0.9032258064516129 74
1626464357599 0.9032258064516129 75
1626464360024 0.9032258064516129 76
1626464362507 0.9032258064516129 77
1626464364999 0.9051724137931035 78
1626464367501 0.9051724137931035 79
1626464369936 0.9051724137931035 80
1626464372392 0.9071274298056154 81
1626464374872 0.9071274298056154 82
1626464377298 0.9090909090909091 83
1626464379766 0.9090909090909091 84
1626464382201 0.9090909090909091 85
1626464384662 0.9090909090909091 86
1626464387107 0.9090909090909091 87
1626464389529 0.9090909090909091 88
1626464391967 0.9090909090909091 89
1626464394413 0.9090909090909091 90
1626464396855 0.9090909090909091 91
1626464399289 0.9090909090909091 92
1626464401745 0.9090909090909091 93
1626464404211 0.9090909090909091 94
1626464406626 0.9090909090909091 95
1626464409081 0.9114470842332614 96
1626464411520 0.9114470842332614 97
1626464413964 0.9114470842332614 98
1626464416417 0.9134199134199134 99
1626464418842 0.9090909090909091 100
