1626462655274 0 0
1626462657972 1 1
1626462660571 2 2
1626462662993 3 3
1626462665398 4 4
1626462667856 5 5
1626462670306 6 6
1626462672725 7 7
1626462675150 8 8
1626462677587 9 9
1626462679974 10 10
1626462682478 11 11
1626462684913 12 12
1626462687314 13 13
1626462689719 14 14
1626462692177 15 15
1626462694596 16 16
1626462697027 17 17
1626462699464 18 18
1626462701884 19 19
1626462704305 20 20
1626462706752 21 21
1626462709156 22 22
1626462711592 23 23
1626462714020 24 24
1626462716444 25 25
1626462718891 26 26
1626462721408 27 27
1626462723940 28 28
1626462726430 29 29
1626462728994 30 30
1626462734502 0 0
