1626462655274 0.7643724083900452 0
1626462657972 0.6861543655395508 1
1626462660571 0.6464251279830933 2
1626462662993 0.6182820200920105 3
1626462665398 0.5976965427398682 4
1626462667856 0.5814418196678162 5
1626462670306 0.5679673552513123 6
1626462672725 0.5568991303443909 7
1626462675150 0.5475636720657349 8
1626462677587 0.539262056350708 9
1626462679974 0.5318704843521118 10
1626462682478 0.5253301858901978 11
1626462684913 0.5192045569419861 12
1626462687314 0.5133626461029053 13
1626462689719 0.5081086754798889 14
1626462692177 0.503084123134613 15
1626462694596 0.4985884726047516 16
1626462697027 0.4944953918457031 17
1626462699464 0.4903714656829834 18
1626462701884 0.48672258853912354 19
1626462704305 0.48328930139541626 20
1626462706752 0.48000210523605347 21
1626462709156 0.4770353138446808 22
1626462711592 0.4740711748600006 23
1626462714020 0.47137677669525146 24
1626462716444 0.46875250339508057 25
1626462718891 0.46613797545433044 26
1626462721408 0.46361857652664185 27
1626462723940 0.46106526255607605 28
1626462726430 0.4587656259536743 29
1626462728994 0.465660959482193 30
