1626462655274 0.5037037037037038 0
1626462657972 0.5583756345177664 1
1626462660571 0.5891677675033025 2
1626462662993 0.6229050279329609 3
1626462665398 0.6504992867332382 4
1626462667856 0.6866566716641679 5
1626462670306 0.6992366412213741 6
1626462672725 0.7261345852895148 7
1626462675150 0.7330173775671406 8
1626462677587 0.7432216905901117 9
1626462679974 0.752827140549273 10
1626462682478 0.7577235772357723 11
1626462684913 0.760655737704918 12
1626462687314 0.7644151565074135 13
1626462689719 0.768976897689769 14
1626462692177 0.7740863787375416 15
1626462694596 0.7826086956521738 16
1626462697027 0.7932203389830508 17
1626462699464 0.797962648556876 18
1626462701884 0.8096054888507718 19
1626462704305 0.8166089965397925 20
1626462706752 0.8194444444444444 21
1626462709156 0.8222996515679442 22
1626462711592 0.8251748251748251 23
1626462714020 0.8245614035087719 24
1626462716444 0.8245614035087719 25
1626462718891 0.8289241622574955 26
1626462721408 0.8318584070796461 27
1626462723940 0.8348134991119005 28
1626462726430 0.8348134991119005 29
1626462728994 0.8274647887323944 30
