1626462301155 0 0
1626462303674 1 1
1626462306161 2 2
1626462308630 3 3
1626462311119 4 4
1626462313561 5 5
1626462315982 6 6
1626462318408 7 7
1626462320912 8 8
1626462323360 9 9
1626462325824 10 10
1626462328279 11 11
1626462330714 12 12
1626462333171 13 13
1626462335614 14 14
1626462338123 15 15
1626462340544 16 16
1626462343004 17 17
1626462345446 18 18
1626462347877 19 19
1626462350334 20 20
1626462352762 21 21
1626462355281 22 22
1626462357744 23 23
1626462360179 24 24
1626462362721 25 25
1626462365218 26 26
1626462367683 27 27
1626462370170 28 28
1626462372704 29 29
1626462375215 30 30
