1626462301155 0.7702664136886597 0
1626462303674 0.6985326409339905 1
1626462306161 0.6623545289039612 2
1626462308630 0.6365671157836914 3
1626462311119 0.6171862483024597 4
1626462313561 0.6020901203155518 5
1626462315982 0.589763343334198 6
1626462318408 0.5786164999008179 7
1626462320912 0.5688115358352661 8
1626462323360 0.5600271224975586 9
1626462325824 0.5517146587371826 10
1626462328279 0.5440059304237366 11
1626462330714 0.5369447469711304 12
1626462333171 0.5303415060043335 13
1626462335614 0.5242644548416138 14
1626462338123 0.5186362862586975 15
1626462340544 0.5134994387626648 16
1626462343004 0.50871741771698 17
1626462345446 0.5042598247528076 18
1626462347877 0.5002184510231018 19
1626462350334 0.49642428755760193 20
1626462352762 0.4928354024887085 21
1626462355281 0.4895407259464264 22
1626462357744 0.4862975776195526 23
1626462360179 0.48320379853248596 24
1626462362721 0.4801105260848999 25
1626462365218 0.47707948088645935 26
1626462367683 0.47394630312919617 27
1626462370170 0.4709087908267975 28
1626462372704 0.4679555594921112 29
1626462375215 0.47672608494758606 30
