1626462301155 0.48811013767209016 0
1626462303674 0.5412371134020618 1
1626462306161 0.5752330226364847 2
1626462308630 0.6096551724137932 3
1626462311119 0.6314285714285713 4
1626462313561 0.6548148148148147 5
1626462315982 0.6747352496217851 6
1626462318408 0.6820276497695853 7
1626462320912 0.6905132192846034 8
1626462323360 0.7014218009478673 9
1626462325824 0.7025316455696202 10
1626462328279 0.7101910828025477 11
1626462330714 0.7181964573268922 12
1626462333171 0.7281553398058254 13
1626462335614 0.734094616639478 14
1626462338123 0.7389162561576355 15
1626462340544 0.747107438016529 16
1626462343004 0.7533333333333333 17
1626462345446 0.7571189279731994 18
1626462347877 0.7630252100840337 19
1626462350334 0.7655986509274875 20
1626462352762 0.7700170357751277 21
1626462355281 0.7773972602739726 22
1626462357744 0.7868284228769498 23
1626462360179 0.7972027972027973 24
1626462362721 0.7999999999999999 25
1626462365218 0.8028169014084507 26
1626462367683 0.8070796460176991 27
1626462370170 0.8099467140319715 28
1626462372704 0.8099467140319715 29
1626462375215 0.8042328042328042 30
