1626462377776 0 0
1626462380215 1 1
1626462382673 2 2
1626462385138 3 3
1626462387612 4 4
1626462390065 5 5
1626462392534 6 6
1626462394965 7 7
1626462397420 8 8
1626462399861 9 9
1626462402323 10 10
1626462404795 11 11
1626462407232 12 12
1626462409676 13 13
1626462412124 14 14
1626462414560 15 15
1626462417035 16 16
1626462419481 17 17
1626462422136 18 18
1626462424605 19 19
1626462427066 20 20
1626462429556 21 21
1626462431987 22 22
1626462434442 23 23
1626462436938 24 24
1626462439425 25 25
1626462441948 26 26
1626462444397 27 27
1626462446913 28 28
1626462449370 29 29
1626462451801 30 30
