1626462377776 0.72641921043396 0
1626462380215 0.6389440298080444 1
1626462382673 0.5905227065086365 2
1626462385138 0.5623060464859009 3
1626462387612 0.544613242149353 4
1626462390065 0.5310741066932678 5
1626462392534 0.5203292965888977 6
1626462394965 0.5114497542381287 7
1626462397420 0.5040159821510315 8
1626462399861 0.49713385105133057 9
1626462402323 0.4907882511615753 10
1626462404795 0.48467788100242615 11
1626462407232 0.4788590967655182 12
1626462409676 0.4733372628688812 13
1626462412124 0.4682565927505493 14
1626462414560 0.46361085772514343 15
1626462417035 0.45919838547706604 16
1626462419481 0.45514383912086487 17
1626462422136 0.4510940611362457 18
1626462424605 0.44737952947616577 19
1626462427066 0.44373199343681335 20
1626462429556 0.4401881992816925 21
1626462431987 0.43695423007011414 22
1626462434442 0.4337577819824219 23
1626462436938 0.43083930015563965 24
1626462439425 0.42783764004707336 25
1626462441948 0.4248639643192291 26
1626462444397 0.42201492190361023 27
1626462446913 0.4192260205745697 28
1626462449370 0.41639527678489685 29
1626462451801 0.42447176575660706 30
