1626462377776 0.37499999999999994 0
1626462380215 0.5735567970204842 1
1626462382673 0.688 2
1626462385138 0.6885245901639344 3
1626462387612 0.708595387840671 4
1626462390065 0.7319148936170212 5
1626462392534 0.7357293868921775 6
1626462394965 0.7361702127659574 7
1626462397420 0.7435897435897436 8
1626462399861 0.7521367521367521 9
1626462402323 0.767590618336887 10
1626462404795 0.7829787234042552 11
1626462407232 0.7889125799573561 12
1626462409676 0.7898089171974522 13
1626462412124 0.7991543340380551 14
1626462414560 0.8067940552016984 15
1626462417035 0.8143459915611816 16
1626462419481 0.8259958071278826 17
1626462422136 0.8319327731092437 18
1626462424605 0.8319327731092437 19
1626462427066 0.8361344537815126 20
1626462429556 0.8403361344537815 21
1626462431987 0.8463157894736842 22
1626462434442 0.8523206751054854 23
1626462436938 0.8547368421052631 24
1626462439425 0.8589473684210526 25
1626462441948 0.8625792811839323 26
1626462444397 0.8680851063829786 27
1626462446913 0.8723404255319149 28
1626462449370 0.8784648187633263 29
1626462451801 0.864406779661017 30
